-73.61,40.737,01/02/2016	2
-73.733,40.709,01/02/2016	2
-73.753,40.695,01/02/2016	2
-73.759,40.723,01/02/2016	2
-73.771,40.705,01/02/2016	2
-73.788,40.642,01/02/2016	2
-73.797,40.69,01/01/2016	2
-73.8,40.671,01/02/2016	2
-73.8,40.673,01/02/2016	2
-73.8,40.703,01/02/2016	4
-73.801,40.701,01/02/2016	2
-73.803,40.699,01/02/2016	2
-73.803,40.717,01/02/2016	2
-73.804,40.696,01/01/2016	2
-73.806,40.695,01/02/2016	2
-73.806,40.698,01/02/2016	2
-73.806,40.699,01/02/2016	6
-73.807,40.698,01/02/2016	2
-73.807,40.699,01/02/2016	16
-73.807,40.7,01/01/2016	2
-73.807,40.7,01/02/2016	44
-73.807,40.732,01/02/2016	2
-73.809,40.705,01/01/2016	2
-73.809,40.705,01/02/2016	2
-73.811,40.691,01/02/2016	2
-73.812,40.587,01/02/2016	2
-73.812,40.691,01/02/2016	2
-73.812,40.694,01/02/2016	2
-73.815,40.699,01/02/2016	2
-73.815,40.7,01/02/2016	2
-73.815,40.732,01/02/2016	2
-73.816,40.755,01/02/2016	2
-73.819,40.701,01/02/2016	2
-73.819,40.709,01/02/2016	2
-73.819,40.726,01/01/2016	2
-73.825,40.742,01/02/2016	2
-73.825,40.751,01/02/2016	2
-73.825,40.868,01/02/2016	2
-73.827,40.693,01/01/2016	2
-73.827,40.694,01/02/2016	2
-73.827,40.76,01/02/2016	2
-73.827,40.852,01/02/2016	2
-73.828,40.713,01/02/2016	4
-73.828,40.76,01/02/2016	2
-73.828,40.852,01/02/2016	2
-73.828,40.864,01/02/2016	2
-73.828,40.866,01/02/2016	2
-73.829,40.7,01/02/2016	2
-73.829,40.713,01/01/2016	2
-73.829,40.713,01/02/2016	34
-73.829,40.759,01/02/2016	28
-73.83,40.699,01/02/2016	2
-73.83,40.713,01/02/2016	18
-73.83,40.759,01/01/2016	6
-73.83,40.759,01/02/2016	40
-73.83,40.76,01/02/2016	2
-73.83,40.861,01/02/2016	2
-73.831,40.715,01/01/2016	6
-73.831,40.715,01/02/2016	2
-73.832,40.715,01/02/2016	2
-73.832,40.762,01/01/2016	2
-73.833,40.672,01/02/2016	2
-73.833,40.673,01/02/2016	2
-73.833,40.757,01/02/2016	4
-73.833,40.758,01/02/2016	4
-73.834,40.731,01/02/2016	2
-73.834,40.757,01/02/2016	40
-73.834,40.758,01/02/2016	2
-73.834,40.868,01/02/2016	2
-73.835,40.772,01/02/2016	2
-73.836,40.818,01/02/2016	2
-73.837,40.679,01/02/2016	2
-73.837,40.718,01/02/2016	4
-73.837,40.719,01/02/2016	2
-73.838,40.718,01/02/2016	2
-73.838,40.881,01/01/2016	4
-73.839,40.719,01/02/2016	2
-73.841,40.72,01/02/2016	2
-73.841,40.84,01/02/2016	4
-73.842,40.72,01/02/2016	2
-73.842,40.721,01/02/2016	2
-73.842,40.84,01/02/2016	4
-73.842,40.841,01/02/2016	2
-73.843,40.719,01/02/2016	2
-73.843,40.72,01/02/2016	6
-73.843,40.721,01/02/2016	14
-73.843,40.84,01/02/2016	4
-73.843,40.856,01/02/2016	2
-73.844,40.679,01/02/2016	2
-73.844,40.719,01/02/2016	4
-73.844,40.72,01/01/2016	2
-73.844,40.72,01/02/2016	30
-73.844,40.721,01/01/2016	14
-73.844,40.721,01/02/2016	124
-73.844,40.722,01/01/2016	2
-73.844,40.722,01/02/2016	2
-73.844,40.849,01/02/2016	2
-73.845,40.68,01/02/2016	2
-73.845,40.72,01/02/2016	6
-73.845,40.722,01/02/2016	2
-73.845,40.856,01/02/2016	2
-73.846,40.72,01/02/2016	2
-73.846,40.722,01/02/2016	4
-73.846,40.856,01/02/2016	2
-73.847,40.843,01/02/2016	2
-73.848,40.71,01/02/2016	2
-73.848,40.73,01/02/2016	2
-73.848,40.822,01/02/2016	2
-73.849,40.723,01/01/2016	2
-73.849,40.732,01/02/2016	2
-73.85,40.733,01/02/2016	2
-73.851,40.736,01/02/2016	2
-73.851,40.742,01/02/2016	2
-73.851,40.834,01/02/2016	2
-73.852,40.687,01/01/2016	2
-73.852,40.71,01/02/2016	2
-73.852,40.722,01/01/2016	2
-73.852,40.737,01/02/2016	2
-73.852,40.835,01/02/2016	2
-73.853,40.726,01/02/2016	2
-73.853,40.741,01/01/2016	2
-73.853,40.741,01/02/2016	2
-73.854,40.727,01/02/2016	2
-73.855,40.701,01/02/2016	2
-73.855,40.751,01/01/2016	2
-73.855,40.751,01/02/2016	6
-73.855,40.842,01/02/2016	2
-73.856,40.704,01/01/2016	2
-73.856,40.719,01/02/2016	2
-73.856,40.743,01/01/2016	2
-73.856,40.751,01/02/2016	2
-73.856,40.835,01/02/2016	2
-73.856,40.84,01/02/2016	4
-73.857,40.728,01/02/2016	2
-73.857,40.751,01/02/2016	2
-73.858,40.728,01/02/2016	2
-73.858,40.744,01/01/2016	2
-73.858,40.75,01/02/2016	2
-73.858,40.751,01/02/2016	2
-73.859,40.729,01/02/2016	2
-73.859,40.735,01/02/2016	2
-73.859,40.752,01/02/2016	2
-73.86,40.711,01/02/2016	2
-73.86,40.731,01/02/2016	2
-73.86,40.734,01/02/2016	2
-73.86,40.735,01/02/2016	2
-73.86,40.737,01/02/2016	2
-73.86,40.738,01/01/2016	2
-73.86,40.747,01/02/2016	2
-73.86,40.757,01/02/2016	2
-73.86,40.823,01/02/2016	2
-73.86,40.828,01/01/2016	2
-73.86,40.828,01/02/2016	2
-73.86,40.833,01/02/2016	4
-73.86,40.837,01/02/2016	6
-73.861,40.73,01/02/2016	32
-73.861,40.749,01/01/2016	2
-73.861,40.757,01/02/2016	4
-73.861,40.833,01/02/2016	4
-73.861,40.835,01/02/2016	2
-73.861,40.839,01/02/2016	4
-73.861,40.87,01/02/2016	2
-73.862,40.729,01/02/2016	2
-73.862,40.73,01/01/2016	4
-73.862,40.73,01/02/2016	36
-73.862,40.732,01/01/2016	2
-73.862,40.749,01/02/2016	4
-73.862,40.75,01/01/2016	2
-73.862,40.75,01/02/2016	4
-73.862,40.757,01/01/2016	2
-73.863,40.73,01/02/2016	2
-73.863,40.731,01/02/2016	4
-73.863,40.732,01/02/2016	88
-73.863,40.733,01/02/2016	6
-73.863,40.749,01/02/2016	4
-73.863,40.75,01/02/2016	2
-73.863,40.836,01/02/2016	2
-73.863,40.841,01/02/2016	2
-73.864,40.733,01/02/2016	6
-73.864,40.734,01/01/2016	2
-73.864,40.734,01/02/2016	4
-73.864,40.735,01/02/2016	2
-73.864,40.736,01/02/2016	2
-73.864,40.749,01/02/2016	6
-73.864,40.832,01/02/2016	2
-73.864,40.841,01/02/2016	2
-73.865,40.735,01/02/2016	4
-73.865,40.736,01/01/2016	2
-73.865,40.736,01/02/2016	2
-73.865,40.747,01/02/2016	2
-73.865,40.749,01/02/2016	2
-73.865,40.816,01/02/2016	4
-73.865,40.879,01/02/2016	2
-73.866,40.742,01/02/2016	2
-73.866,40.75,01/02/2016	2
-73.866,40.771,01/02/2016	2
-73.866,40.831,01/01/2016	2
-73.866,40.847,01/02/2016	4
-73.867,40.675,01/02/2016	2
-73.867,40.734,01/01/2016	2
-73.867,40.734,01/02/2016	2
-73.867,40.741,01/01/2016	2
-73.867,40.741,01/02/2016	2
-73.867,40.743,01/01/2016	2
-73.867,40.749,01/02/2016	2
-73.867,40.757,01/02/2016	2
-73.867,40.84,01/01/2016	2
-73.867,40.856,01/02/2016	2
-73.867,40.863,01/02/2016	2
-73.868,40.734,01/02/2016	8
-73.868,40.746,01/01/2016	2
-73.868,40.746,01/02/2016	6
-73.868,40.749,01/01/2016	4
-73.868,40.749,01/02/2016	6
-73.868,40.816,01/02/2016	2
-73.868,40.835,01/02/2016	2
-73.868,40.857,01/02/2016	4
-73.869,40.655,01/02/2016	2
-73.869,40.733,01/01/2016	2
-73.869,40.733,01/02/2016	46
-73.869,40.734,01/01/2016	2
-73.869,40.734,01/02/2016	64
-73.869,40.748,01/01/2016	2
-73.869,40.748,01/02/2016	8
-73.869,40.749,01/01/2016	8
-73.869,40.749,01/02/2016	32
-73.869,40.751,01/02/2016	2
-73.869,40.757,01/01/2016	2
-73.869,40.878,01/02/2016	2
-73.87,40.733,01/02/2016	48
-73.87,40.734,01/02/2016	14
-73.87,40.749,01/01/2016	6
-73.87,40.749,01/02/2016	6
-73.87,40.751,01/01/2016	2
-73.87,40.751,01/02/2016	2
-73.87,40.755,01/01/2016	2
-73.87,40.757,01/02/2016	2
-73.87,40.833,01/02/2016	2
-73.871,40.675,01/02/2016	12
-73.871,40.726,01/02/2016	2
-73.871,40.733,01/02/2016	24
-73.871,40.734,01/02/2016	32
-73.871,40.748,01/01/2016	2
-73.871,40.748,01/02/2016	6
-73.871,40.751,01/02/2016	2
-73.871,40.753,01/02/2016	2
-73.871,40.842,01/02/2016	2
-73.872,40.675,01/02/2016	8
-73.872,40.734,01/02/2016	4
-73.872,40.748,01/01/2016	2
-73.872,40.748,01/02/2016	4
-73.872,40.751,01/01/2016	2
-73.872,40.751,01/02/2016	2
-73.872,40.827,01/02/2016	2
-73.872,40.828,01/02/2016	2
-73.872,40.84,01/01/2016	2
-73.872,40.841,01/02/2016	2
-73.872,40.876,01/02/2016	2
-73.873,40.734,01/01/2016	2
-73.873,40.738,01/02/2016	2
-73.873,40.748,01/02/2016	4
-73.873,40.829,01/01/2016	2
-73.873,40.829,01/02/2016	2
-73.874,40.714,01/02/2016	2
-73.874,40.734,01/02/2016	2
-73.874,40.735,01/02/2016	56
-73.874,40.746,01/01/2016	2
-73.874,40.756,01/02/2016	2
-73.874,40.759,01/02/2016	2
-73.874,40.829,01/01/2016	2
-73.874,40.879,01/02/2016	2
-73.875,40.735,01/02/2016	4
-73.875,40.748,01/02/2016	4
-73.875,40.763,01/02/2016	2
-73.875,40.829,01/02/2016	2
-73.875,40.834,01/02/2016	2
-73.876,40.736,01/02/2016	2
-73.876,40.737,01/02/2016	4
-73.876,40.74,01/02/2016	2
-73.876,40.748,01/01/2016	8
-73.876,40.748,01/02/2016	16
-73.876,40.754,01/02/2016	2
-73.876,40.76,01/02/2016	2
-73.876,40.763,01/01/2016	2
-73.877,40.736,01/01/2016	2
-73.877,40.736,01/02/2016	8
-73.877,40.737,01/02/2016	12
-73.877,40.738,01/02/2016	2
-73.877,40.74,01/02/2016	2
-73.877,40.746,01/02/2016	2
-73.877,40.748,01/02/2016	8
-73.877,40.749,01/02/2016	2
-73.877,40.752,01/02/2016	2
-73.877,40.756,01/02/2016	4
-73.877,40.826,01/01/2016	2
-73.877,40.886,01/02/2016	2
-73.877,40.909,01/02/2016	2
-73.878,40.736,01/02/2016	4
-73.878,40.748,01/01/2016	2
-73.878,40.748,01/02/2016	10
-73.878,40.756,01/02/2016	4
-73.878,40.841,01/02/2016	2
-73.878,40.879,01/02/2016	2
-73.878,40.881,01/02/2016	2
-73.879,40.725,01/02/2016	2
-73.879,40.747,01/02/2016	2
-73.879,40.748,01/02/2016	10
-73.879,40.75,01/02/2016	2
-73.879,40.756,01/01/2016	2
-73.879,40.821,01/02/2016	2
-73.879,40.828,01/02/2016	2
-73.879,40.873,01/02/2016	2
-73.879,40.879,01/02/2016	4
-73.88,40.735,01/02/2016	2
-73.88,40.737,01/01/2016	2
-73.88,40.741,01/01/2016	2
-73.88,40.741,01/02/2016	4
-73.88,40.742,01/02/2016	2
-73.88,40.748,01/02/2016	10
-73.88,40.755,01/02/2016	2
-73.88,40.756,01/01/2016	2
-73.88,40.756,01/02/2016	2
-73.88,40.759,01/02/2016	2
-73.88,40.861,01/02/2016	14
-73.88,40.879,01/01/2016	2
-73.881,40.66,01/02/2016	2
-73.881,40.737,01/02/2016	2
-73.881,40.741,01/02/2016	2
-73.881,40.742,01/02/2016	4
-73.881,40.747,01/02/2016	6
-73.881,40.748,01/01/2016	2
-73.881,40.748,01/02/2016	2
-73.881,40.75,01/02/2016	4
-73.881,40.756,01/02/2016	4
-73.881,40.861,01/02/2016	4
-73.882,40.665,01/02/2016	8
-73.882,40.735,01/01/2016	2
-73.882,40.742,01/02/2016	2
-73.882,40.747,01/01/2016	2
-73.882,40.747,01/02/2016	14
-73.882,40.749,01/02/2016	4
-73.882,40.752,01/02/2016	2
-73.882,40.753,01/02/2016	2
-73.882,40.755,01/01/2016	2
-73.882,40.755,01/02/2016	8
-73.883,40.681,01/02/2016	2
-73.883,40.742,01/01/2016	2
-73.883,40.747,01/01/2016	8
-73.883,40.747,01/02/2016	24
-73.883,40.749,01/02/2016	6
-73.883,40.755,01/01/2016	4
-73.883,40.755,01/02/2016	4
-73.883,40.853,01/02/2016	2
-73.884,40.659,01/02/2016	2
-73.884,40.743,01/02/2016	4
-73.884,40.745,01/02/2016	2
-73.884,40.747,01/01/2016	6
-73.884,40.747,01/02/2016	26
-73.884,40.749,01/02/2016	12
-73.884,40.75,01/02/2016	2
-73.884,40.752,01/02/2016	2
-73.884,40.755,01/01/2016	2
-73.884,40.755,01/02/2016	2
-73.884,40.874,01/02/2016	2
-73.885,40.744,01/02/2016	10
-73.885,40.747,01/02/2016	6
-73.885,40.749,01/01/2016	2
-73.885,40.75,01/02/2016	2
-73.885,40.755,01/02/2016	4
-73.885,40.842,01/02/2016	2
-73.885,40.844,01/02/2016	2
-73.885,40.866,01/02/2016	2
-73.885,40.876,01/02/2016	2
-73.886,40.654,01/02/2016	2
-73.886,40.738,01/02/2016	2
-73.886,40.744,01/01/2016	2
-73.886,40.744,01/02/2016	14
-73.886,40.747,01/01/2016	2
-73.886,40.747,01/02/2016	14
-73.886,40.749,01/02/2016	6
-73.886,40.755,01/02/2016	2
-73.886,40.757,01/02/2016	2
-73.886,40.814,01/02/2016	2
-73.887,40.652,01/02/2016	2
-73.887,40.677,01/02/2016	2
-73.887,40.743,01/02/2016	2
-73.887,40.744,01/02/2016	2
-73.887,40.747,01/02/2016	8
-73.887,40.749,01/02/2016	2
-73.887,40.755,01/01/2016	2
-73.887,40.755,01/02/2016	2
-73.887,40.837,01/02/2016	2
-73.888,40.632,01/02/2016	2
-73.888,40.651,01/01/2016	2
-73.888,40.747,01/01/2016	2
-73.888,40.747,01/02/2016	8
-73.888,40.748,01/02/2016	2
-73.888,40.752,01/02/2016	2
-73.888,40.755,01/02/2016	2
-73.888,40.826,01/02/2016	2
-73.888,40.854,01/02/2016	2
-73.889,40.657,01/02/2016	2
-73.889,40.739,01/02/2016	2
-73.889,40.745,01/02/2016	2
-73.889,40.746,01/02/2016	12
-73.889,40.747,01/02/2016	10
-73.889,40.755,01/02/2016	2
-73.889,40.834,01/01/2016	2
-73.889,40.853,01/02/2016	2
-73.889,40.86,01/02/2016	4
-73.889,40.862,01/01/2016	2
-73.889,40.873,01/02/2016	2
-73.89,40.746,01/01/2016	8
-73.89,40.746,01/02/2016	80
-73.89,40.747,01/01/2016	2
-73.89,40.747,01/02/2016	10
-73.89,40.748,01/02/2016	2
-73.89,40.749,01/02/2016	6
-73.89,40.755,01/02/2016	2
-73.89,40.832,01/01/2016	2
-73.89,40.861,01/02/2016	8
-73.89,40.87,01/01/2016	2
-73.891,40.745,01/02/2016	4
-73.891,40.746,01/01/2016	18
-73.891,40.746,01/02/2016	70
-73.891,40.747,01/01/2016	4
-73.891,40.747,01/02/2016	4
-73.891,40.748,01/02/2016	10
-73.891,40.821,01/02/2016	2
-73.891,40.828,01/01/2016	2
-73.891,40.83,01/02/2016	2
-73.891,40.861,01/01/2016	2
-73.891,40.861,01/02/2016	6
-73.891,40.869,01/02/2016	2
-73.892,40.648,01/02/2016	2
-73.892,40.741,01/01/2016	2
-73.892,40.746,01/02/2016	4
-73.892,40.747,01/02/2016	14
-73.892,40.748,01/02/2016	4
-73.892,40.82,01/01/2016	2
-73.892,40.824,01/02/2016	2
-73.892,40.858,01/01/2016	2
-73.893,40.637,01/02/2016	2
-73.893,40.74,01/02/2016	2
-73.893,40.744,01/02/2016	2
-73.893,40.746,01/02/2016	4
-73.893,40.748,01/01/2016	2
-73.893,40.748,01/02/2016	4
-73.893,40.752,01/01/2016	2
-73.893,40.754,01/01/2016	2
-73.893,40.754,01/02/2016	4
-73.894,40.744,01/02/2016	2
-73.894,40.75,01/02/2016	2
-73.894,40.754,01/02/2016	2
-73.894,40.758,01/02/2016	2
-73.894,40.768,01/02/2016	2
-73.894,40.835,01/02/2016	2
-73.895,40.644,01/02/2016	2
-73.895,40.736,01/01/2016	2
-73.895,40.736,01/02/2016	2
-73.895,40.738,01/02/2016	2
-73.895,40.742,01/02/2016	2
-73.895,40.746,01/01/2016	2
-73.895,40.746,01/02/2016	4
-73.895,40.754,01/02/2016	2
-73.895,40.82,01/02/2016	2
-73.895,40.827,01/02/2016	2
-73.895,40.86,01/02/2016	2
-73.896,40.648,01/02/2016	2
-73.896,40.671,01/02/2016	2
-73.896,40.674,01/01/2016	2
-73.896,40.742,01/02/2016	4
-73.896,40.746,01/01/2016	12
-73.896,40.746,01/02/2016	26
-73.896,40.752,01/02/2016	6
-73.896,40.754,01/02/2016	2
-73.896,40.768,01/02/2016	2
-73.896,40.816,01/01/2016	2
-73.896,40.851,01/01/2016	2
-73.896,40.861,01/01/2016	2
-73.896,40.862,01/02/2016	2
-73.896,40.867,01/02/2016	2
-73.897,40.669,01/02/2016	2
-73.897,40.746,01/02/2016	6
-73.897,40.749,01/02/2016	4
-73.897,40.754,01/02/2016	4
-73.897,40.758,01/02/2016	2
-73.897,40.821,01/02/2016	2
-73.897,40.83,01/02/2016	2
-73.897,40.861,01/02/2016	2
-73.897,40.862,01/02/2016	2
-73.898,40.642,01/02/2016	2
-73.898,40.746,01/01/2016	2
-73.898,40.746,01/02/2016	6
-73.898,40.75,01/01/2016	2
-73.898,40.832,01/02/2016	2
-73.898,40.852,01/02/2016	2
-73.898,40.858,01/01/2016	2
-73.898,40.859,01/02/2016	2
-73.898,40.86,01/02/2016	2
-73.899,40.739,01/02/2016	2
-73.899,40.745,01/02/2016	4
-73.899,40.746,01/01/2016	2
-73.899,40.746,01/02/2016	4
-73.899,40.75,01/02/2016	2
-73.899,40.754,01/02/2016	2
-73.899,40.768,01/02/2016	2
-73.899,40.818,01/02/2016	2
-73.899,40.825,01/02/2016	2
-73.899,40.862,01/02/2016	2
-73.9,40.711,01/02/2016	2
-73.9,40.743,01/02/2016	2
-73.9,40.745,01/02/2016	8
-73.9,40.746,01/02/2016	2
-73.9,40.768,01/02/2016	2
-73.9,40.814,01/02/2016	2
-73.9,40.82,01/01/2016	2
-73.9,40.822,01/02/2016	2
-73.9,40.847,01/02/2016	2
-73.9,40.862,01/01/2016	2
-73.9,40.868,01/01/2016	2
-73.9,40.868,01/02/2016	2
-73.901,40.668,01/02/2016	2
-73.901,40.745,01/02/2016	4
-73.901,40.746,01/02/2016	2
-73.901,40.747,01/02/2016	2
-73.901,40.776,01/01/2016	2
-73.901,40.847,01/01/2016	2
-73.901,40.862,01/02/2016	2
-73.901,40.873,01/02/2016	4
-73.901,40.874,01/02/2016	2
-73.902,40.64,01/02/2016	2
-73.902,40.745,01/01/2016	2
-73.902,40.745,01/02/2016	14
-73.902,40.746,01/02/2016	14
-73.902,40.747,01/02/2016	2
-73.902,40.77,01/01/2016	2
-73.902,40.775,01/01/2016	4
-73.902,40.845,01/01/2016	4
-73.902,40.854,01/02/2016	2
-73.902,40.867,01/01/2016	2
-73.902,40.877,01/02/2016	2
-73.903,40.677,01/02/2016	2
-73.903,40.678,01/02/2016	4
-73.903,40.741,01/02/2016	2
-73.903,40.744,01/02/2016	2
-73.903,40.745,01/01/2016	14
-73.903,40.745,01/02/2016	82
-73.903,40.746,01/01/2016	2
-73.903,40.746,01/02/2016	10
-73.903,40.749,01/01/2016	2
-73.903,40.774,01/02/2016	2
-73.903,40.834,01/02/2016	2
-73.903,40.844,01/01/2016	2
-73.903,40.855,01/01/2016	2
-73.903,40.862,01/02/2016	2
-73.904,40.67,01/02/2016	2
-73.904,40.722,01/02/2016	2
-73.904,40.741,01/02/2016	2
-73.904,40.744,01/02/2016	2
-73.904,40.745,01/02/2016	2
-73.904,40.774,01/02/2016	2
-73.904,40.812,01/02/2016	2
-73.904,40.815,01/02/2016	4
-73.904,40.827,01/02/2016	2
-73.904,40.836,01/02/2016	2
-73.904,40.851,01/02/2016	2
-73.904,40.861,01/02/2016	2
-73.904,40.862,01/01/2016	2
-73.904,40.871,01/02/2016	2
-73.904,40.879,01/02/2016	2
-73.905,40.682,01/02/2016	2
-73.905,40.706,01/01/2016	2
-73.905,40.745,01/01/2016	2
-73.905,40.745,01/02/2016	8
-73.905,40.752,01/02/2016	6
-73.905,40.772,01/02/2016	2
-73.905,40.839,01/02/2016	2
-73.905,40.853,01/02/2016	2
-73.905,40.861,01/01/2016	2
-73.905,40.872,01/01/2016	2
-73.905,40.878,01/02/2016	2
-73.905,40.879,01/02/2016	2
-73.906,40.679,01/02/2016	2
-73.906,40.7,01/01/2016	2
-73.906,40.745,01/01/2016	4
-73.906,40.745,01/02/2016	6
-73.906,40.753,01/01/2016	2
-73.906,40.77,01/02/2016	2
-73.906,40.771,01/02/2016	2
-73.906,40.772,01/02/2016	6
-73.906,40.779,01/02/2016	2
-73.906,40.812,01/02/2016	2
-73.906,40.829,01/02/2016	2
-73.906,40.831,01/01/2016	2
-73.906,40.876,01/02/2016	4
-73.907,40.656,01/02/2016	2
-73.907,40.741,01/02/2016	2
-73.907,40.742,01/02/2016	4
-73.907,40.745,01/02/2016	2
-73.907,40.753,01/02/2016	6
-73.907,40.762,01/02/2016	2
-73.907,40.766,01/02/2016	2
-73.907,40.773,01/02/2016	6
-73.907,40.815,01/02/2016	2
-73.907,40.816,01/02/2016	2
-73.907,40.827,01/02/2016	2
-73.907,40.828,01/02/2016	2
-73.907,40.847,01/02/2016	2
-73.907,40.854,01/02/2016	2
-73.907,40.859,01/02/2016	2
-73.907,40.862,01/02/2016	2
-73.908,40.656,01/02/2016	2
-73.908,40.662,01/02/2016	2
-73.908,40.666,01/02/2016	2
-73.908,40.742,01/01/2016	2
-73.908,40.744,01/02/2016	2
-73.908,40.745,01/01/2016	2
-73.908,40.753,01/02/2016	2
-73.908,40.76,01/02/2016	2
-73.908,40.762,01/02/2016	2
-73.908,40.764,01/01/2016	2
-73.908,40.771,01/01/2016	6
-73.908,40.771,01/02/2016	2
-73.908,40.774,01/02/2016	2
-73.908,40.802,01/01/2016	2
-73.908,40.824,01/01/2016	2
-73.908,40.851,01/02/2016	2
-73.908,40.852,01/02/2016	2
-73.908,40.853,01/02/2016	2
-73.908,40.862,01/02/2016	6
-73.908,40.875,01/01/2016	2
-73.909,40.662,01/01/2016	2
-73.909,40.704,01/02/2016	2
-73.909,40.742,01/02/2016	2
-73.909,40.746,01/02/2016	2
-73.909,40.752,01/02/2016	2
-73.909,40.77,01/02/2016	2
-73.909,40.775,01/01/2016	6
-73.909,40.775,01/02/2016	4
-73.909,40.813,01/02/2016	2
-73.909,40.824,01/02/2016	2
-73.909,40.843,01/01/2016	2
-73.91,40.661,01/01/2016	2
-73.91,40.663,01/02/2016	2
-73.91,40.678,01/02/2016	2
-73.91,40.699,01/01/2016	4
-73.91,40.744,01/02/2016	2
-73.91,40.755,01/02/2016	2
-73.91,40.77,01/01/2016	2
-73.91,40.772,01/01/2016	2
-73.91,40.775,01/02/2016	4
-73.91,40.776,01/02/2016	14
-73.91,40.84,01/02/2016	2
-73.911,40.653,01/02/2016	2
-73.911,40.671,01/01/2016	2
-73.911,40.675,01/01/2016	2
-73.911,40.676,01/01/2016	2
-73.911,40.678,01/01/2016	2
-73.911,40.683,01/02/2016	2
-73.911,40.691,01/02/2016	2
-73.911,40.761,01/01/2016	2
-73.911,40.767,01/02/2016	4
-73.911,40.768,01/01/2016	2
-73.911,40.768,01/02/2016	8
-73.911,40.775,01/01/2016	2
-73.911,40.775,01/02/2016	38
-73.911,40.813,01/01/2016	2
-73.911,40.822,01/02/2016	2
-73.911,40.827,01/02/2016	2
-73.911,40.837,01/02/2016	2
-73.911,40.843,01/01/2016	2
-73.911,40.843,01/02/2016	2
-73.911,40.846,01/02/2016	2
-73.911,40.858,01/02/2016	2
-73.911,40.874,01/02/2016	2
-73.912,40.678,01/01/2016	2
-73.912,40.744,01/02/2016	2
-73.912,40.753,01/02/2016	4
-73.912,40.755,01/02/2016	4
-73.912,40.756,01/02/2016	4
-73.912,40.762,01/02/2016	2
-73.912,40.764,01/02/2016	2
-73.912,40.766,01/01/2016	2
-73.912,40.766,01/02/2016	4
-73.912,40.767,01/01/2016	2
-73.912,40.769,01/02/2016	2
-73.912,40.774,01/01/2016	2
-73.912,40.774,01/02/2016	8
-73.912,40.775,01/01/2016	6
-73.912,40.775,01/02/2016	18
-73.912,40.804,01/02/2016	2
-73.912,40.819,01/02/2016	2
-73.912,40.849,01/02/2016	2
-73.913,40.678,01/02/2016	2
-73.913,40.743,01/02/2016	2
-73.913,40.744,01/02/2016	2
-73.913,40.745,01/02/2016	2
-73.913,40.746,01/01/2016	2
-73.913,40.753,01/02/2016	2
-73.913,40.756,01/02/2016	4
-73.913,40.765,01/01/2016	6
-73.913,40.765,01/02/2016	22
-73.913,40.766,01/02/2016	2
-73.913,40.772,01/02/2016	2
-73.913,40.814,01/02/2016	2
-73.913,40.837,01/02/2016	2
-73.913,40.84,01/01/2016	2
-73.913,40.848,01/01/2016	2
-73.914,40.683,01/01/2016	2
-73.914,40.698,01/02/2016	2
-73.914,40.743,01/02/2016	6
-73.914,40.746,01/02/2016	4
-73.914,40.752,01/02/2016	24
-73.914,40.753,01/02/2016	12
-73.914,40.756,01/01/2016	4
-73.914,40.756,01/02/2016	8
-73.914,40.757,01/01/2016	2
-73.914,40.757,01/02/2016	2
-73.914,40.763,01/01/2016	6
-73.914,40.763,01/02/2016	8
-73.914,40.764,01/02/2016	10
-73.914,40.766,01/02/2016	2
-73.914,40.769,01/01/2016	2
-73.914,40.773,01/02/2016	2
-73.914,40.775,01/01/2016	4
-73.914,40.776,01/02/2016	2
-73.914,40.778,01/02/2016	2
-73.914,40.782,01/02/2016	4
-73.914,40.824,01/02/2016	2
-73.914,40.842,01/01/2016	2
-73.914,40.87,01/02/2016	2
-73.915,40.685,01/02/2016	4
-73.915,40.742,01/02/2016	2
-73.915,40.746,01/02/2016	2
-73.915,40.749,01/02/2016	2
-73.915,40.752,01/02/2016	8
-73.915,40.757,01/02/2016	6
-73.915,40.76,01/01/2016	2
-73.915,40.762,01/02/2016	2
-73.915,40.763,01/02/2016	12
-73.915,40.764,01/01/2016	4
-73.915,40.764,01/02/2016	6
-73.915,40.777,01/02/2016	2
-73.915,40.815,01/02/2016	2
-73.915,40.817,01/01/2016	2
-73.915,40.82,01/01/2016	2
-73.915,40.824,01/02/2016	4
-73.915,40.85,01/02/2016	2
-73.915,40.863,01/02/2016	2
-73.916,40.66,01/01/2016	2
-73.916,40.671,01/02/2016	2
-73.916,40.686,01/02/2016	2
-73.916,40.742,01/02/2016	2
-73.916,40.744,01/01/2016	2
-73.916,40.744,01/02/2016	2
-73.916,40.746,01/02/2016	4
-73.916,40.757,01/02/2016	2
-73.916,40.758,01/02/2016	4
-73.916,40.76,01/01/2016	2
-73.916,40.761,01/02/2016	8
-73.916,40.762,01/02/2016	4
-73.916,40.764,01/01/2016	2
-73.916,40.764,01/02/2016	8
-73.916,40.77,01/01/2016	2
-73.916,40.771,01/02/2016	6
-73.916,40.815,01/02/2016	2
-73.916,40.816,01/02/2016	4
-73.916,40.818,01/01/2016	2
-73.917,40.678,01/02/2016	2
-73.917,40.703,01/02/2016	2
-73.917,40.704,01/01/2016	2
-73.917,40.737,01/02/2016	2
-73.917,40.742,01/02/2016	4
-73.917,40.743,01/02/2016	2
-73.917,40.747,01/02/2016	2
-73.917,40.758,01/01/2016	2
-73.917,40.758,01/02/2016	4
-73.917,40.76,01/02/2016	4
-73.917,40.761,01/02/2016	10
-73.917,40.764,01/02/2016	6
-73.917,40.765,01/01/2016	2
-73.917,40.766,01/02/2016	2
-73.917,40.769,01/02/2016	14
-73.917,40.77,01/01/2016	2
-73.917,40.77,01/02/2016	22
-73.917,40.806,01/02/2016	2
-73.917,40.807,01/02/2016	2
-73.917,40.816,01/02/2016	2
-73.917,40.829,01/02/2016	2
-73.917,40.834,01/02/2016	2
-73.917,40.849,01/02/2016	2
-73.917,40.854,01/02/2016	2
-73.917,40.869,01/02/2016	2
-73.918,40.668,01/02/2016	2
-73.918,40.7,01/01/2016	2
-73.918,40.737,01/02/2016	2
-73.918,40.741,01/01/2016	2
-73.918,40.742,01/01/2016	2
-73.918,40.742,01/02/2016	8
-73.918,40.743,01/02/2016	16
-73.918,40.746,01/02/2016	2
-73.918,40.758,01/02/2016	20
-73.918,40.759,01/01/2016	4
-73.918,40.759,01/02/2016	30
-73.918,40.765,01/01/2016	6
-73.918,40.765,01/02/2016	12
-73.918,40.77,01/02/2016	10
-73.918,40.814,01/01/2016	2
-73.918,40.815,01/02/2016	2
-73.918,40.816,01/02/2016	4
-73.918,40.825,01/02/2016	2
-73.918,40.826,01/02/2016	4
-73.918,40.83,01/01/2016	2
-73.918,40.83,01/02/2016	2
-73.919,40.686,01/02/2016	2
-73.919,40.691,01/01/2016	2
-73.919,40.737,01/01/2016	2
-73.919,40.742,01/02/2016	4
-73.919,40.743,01/01/2016	2
-73.919,40.743,01/02/2016	14
-73.919,40.757,01/02/2016	4
-73.919,40.758,01/01/2016	6
-73.919,40.758,01/02/2016	10
-73.919,40.759,01/01/2016	2
-73.919,40.759,01/02/2016	14
-73.919,40.765,01/01/2016	4
-73.919,40.765,01/02/2016	2
-73.919,40.768,01/01/2016	2
-73.919,40.816,01/01/2016	2
-73.919,40.816,01/02/2016	2
-73.919,40.825,01/01/2016	2
-73.919,40.825,01/02/2016	2
-73.919,40.868,01/02/2016	2
-73.92,40.61,01/02/2016	4
-73.92,40.625,01/02/2016	2
-73.92,40.702,01/02/2016	2
-73.92,40.743,01/01/2016	4
-73.92,40.743,01/02/2016	2
-73.92,40.744,01/02/2016	2
-73.92,40.745,01/02/2016	2
-73.92,40.756,01/01/2016	2
-73.92,40.756,01/02/2016	14
-73.92,40.757,01/02/2016	6
-73.92,40.759,01/02/2016	4
-73.92,40.766,01/02/2016	8
-73.92,40.768,01/01/2016	2
-73.92,40.77,01/02/2016	2
-73.92,40.814,01/01/2016	2
-73.92,40.816,01/02/2016	2
-73.92,40.835,01/02/2016	2
-73.92,40.84,01/02/2016	2
-73.92,40.846,01/02/2016	2
-73.92,40.852,01/02/2016	2
-73.921,40.644,01/02/2016	2
-73.921,40.665,01/02/2016	2
-73.921,40.678,01/02/2016	4
-73.921,40.709,01/01/2016	2
-73.921,40.743,01/02/2016	4
-73.921,40.744,01/02/2016	2
-73.921,40.752,01/02/2016	2
-73.921,40.753,01/02/2016	2
-73.921,40.755,01/02/2016	4
-73.921,40.756,01/01/2016	6
-73.921,40.756,01/02/2016	6
-73.921,40.76,01/02/2016	4
-73.921,40.763,01/02/2016	2
-73.921,40.766,01/01/2016	6
-73.921,40.766,01/02/2016	48
-73.921,40.767,01/01/2016	2
-73.921,40.767,01/02/2016	2
-73.921,40.775,01/01/2016	2
-73.921,40.817,01/02/2016	2
-73.921,40.818,01/01/2016	2
-73.921,40.821,01/02/2016	2
-73.921,40.826,01/02/2016	2
-73.921,40.828,01/02/2016	2
-73.921,40.838,01/02/2016	2
-73.921,40.867,01/02/2016	4
-73.922,40.61,01/02/2016	2
-73.922,40.679,01/02/2016	2
-73.922,40.706,01/01/2016	2
-73.922,40.74,01/01/2016	2
-73.922,40.742,01/01/2016	2
-73.922,40.743,01/01/2016	10
-73.922,40.743,01/02/2016	2
-73.922,40.754,01/02/2016	2
-73.922,40.755,01/01/2016	8
-73.922,40.755,01/02/2016	26
-73.922,40.76,01/01/2016	4
-73.922,40.76,01/02/2016	8
-73.922,40.761,01/02/2016	2
-73.922,40.764,01/02/2016	2
-73.922,40.771,01/02/2016	2
-73.922,40.777,01/02/2016	4
-73.922,40.817,01/01/2016	2
-73.922,40.817,01/02/2016	8
-73.922,40.826,01/02/2016	2
-73.922,40.827,01/01/2016	2
-73.922,40.842,01/01/2016	2
-73.922,40.866,01/02/2016	2
-73.922,40.867,01/02/2016	2
-73.923,40.619,01/02/2016	2
-73.923,40.659,01/02/2016	4
-73.923,40.686,01/02/2016	2
-73.923,40.687,01/01/2016	2
-73.923,40.69,01/02/2016	2
-73.923,40.743,01/01/2016	4
-73.923,40.743,01/02/2016	14
-73.923,40.753,01/01/2016	2
-73.923,40.753,01/02/2016	2
-73.923,40.754,01/02/2016	18
-73.923,40.755,01/02/2016	8
-73.923,40.76,01/02/2016	2
-73.923,40.761,01/01/2016	2
-73.923,40.761,01/02/2016	6
-73.923,40.764,01/02/2016	2
-73.923,40.767,01/02/2016	2
-73.923,40.768,01/02/2016	2
-73.923,40.809,01/02/2016	2
-73.923,40.81,01/02/2016	2
-73.923,40.817,01/01/2016	2
-73.923,40.826,01/02/2016	2
-73.923,40.866,01/01/2016	2
-73.923,40.866,01/02/2016	2
-73.924,40.679,01/02/2016	6
-73.924,40.685,01/02/2016	2
-73.924,40.69,01/01/2016	4
-73.924,40.691,01/01/2016	2
-73.924,40.704,01/02/2016	2
-73.924,40.741,01/01/2016	4
-73.924,40.743,01/01/2016	2
-73.924,40.744,01/01/2016	2
-73.924,40.744,01/02/2016	4
-73.924,40.752,01/02/2016	4
-73.924,40.756,01/01/2016	8
-73.924,40.756,01/02/2016	4
-73.924,40.761,01/02/2016	18
-73.924,40.767,01/02/2016	2
-73.924,40.768,01/02/2016	2
-73.924,40.774,01/02/2016	6
-73.924,40.809,01/02/2016	2
-73.924,40.815,01/01/2016	2
-73.924,40.833,01/02/2016	2
-73.925,40.659,01/02/2016	2
-73.925,40.672,01/02/2016	2
-73.925,40.682,01/02/2016	2
-73.925,40.743,01/02/2016	2
-73.925,40.744,01/02/2016	2
-73.925,40.752,01/02/2016	2
-73.925,40.753,01/02/2016	2
-73.925,40.756,01/01/2016	4
-73.925,40.756,01/02/2016	2
-73.925,40.759,01/02/2016	2
-73.925,40.761,01/01/2016	10
-73.925,40.761,01/02/2016	44
-73.925,40.762,01/01/2016	2
-73.925,40.762,01/02/2016	4
-73.925,40.766,01/02/2016	2
-73.925,40.768,01/02/2016	2
-73.925,40.772,01/02/2016	2
-73.925,40.773,01/02/2016	2
-73.925,40.81,01/02/2016	4
-73.925,40.817,01/02/2016	2
-73.925,40.818,01/02/2016	2
-73.925,40.82,01/02/2016	2
-73.925,40.821,01/02/2016	2
-73.925,40.827,01/02/2016	2
-73.925,40.862,01/02/2016	2
-73.925,40.863,01/02/2016	4
-73.925,40.866,01/02/2016	2
-73.926,40.632,01/02/2016	2
-73.926,40.662,01/01/2016	2
-73.926,40.686,01/02/2016	2
-73.926,40.705,01/02/2016	2
-73.926,40.743,01/02/2016	2
-73.926,40.744,01/02/2016	2
-73.926,40.755,01/01/2016	2
-73.926,40.755,01/02/2016	2
-73.926,40.757,01/02/2016	2
-73.926,40.759,01/02/2016	2
-73.926,40.76,01/02/2016	2
-73.926,40.762,01/01/2016	2
-73.926,40.762,01/02/2016	4
-73.926,40.765,01/01/2016	2
-73.926,40.765,01/02/2016	2
-73.926,40.772,01/02/2016	8
-73.926,40.775,01/01/2016	4
-73.926,40.818,01/02/2016	4
-73.926,40.828,01/02/2016	2
-73.926,40.838,01/02/2016	2
-73.926,40.863,01/02/2016	2
-73.926,40.865,01/02/2016	4
-73.927,40.664,01/02/2016	4
-73.927,40.679,01/02/2016	2
-73.927,40.689,01/02/2016	4
-73.927,40.692,01/02/2016	4
-73.927,40.694,01/02/2016	4
-73.927,40.703,01/01/2016	2
-73.927,40.758,01/02/2016	2
-73.927,40.759,01/01/2016	2
-73.927,40.76,01/02/2016	2
-73.927,40.762,01/01/2016	2
-73.927,40.762,01/02/2016	4
-73.927,40.763,01/01/2016	2
-73.927,40.764,01/02/2016	2
-73.927,40.77,01/02/2016	2
-73.927,40.807,01/01/2016	2
-73.927,40.811,01/02/2016	2
-73.927,40.817,01/02/2016	2
-73.927,40.818,01/02/2016	10
-73.927,40.86,01/02/2016	2
-73.927,40.863,01/01/2016	2
-73.927,40.865,01/01/2016	4
-73.927,40.865,01/02/2016	2
-73.928,40.679,01/02/2016	2
-73.928,40.68,01/01/2016	4
-73.928,40.757,01/02/2016	2
-73.928,40.758,01/01/2016	2
-73.928,40.758,01/02/2016	6
-73.928,40.763,01/02/2016	8
-73.928,40.768,01/02/2016	2
-73.928,40.769,01/02/2016	4
-73.928,40.816,01/02/2016	2
-73.928,40.818,01/02/2016	2
-73.928,40.822,01/02/2016	2
-73.928,40.83,01/02/2016	2
-73.928,40.855,01/01/2016	2
-73.928,40.86,01/01/2016	2
-73.929,40.586,01/02/2016	4
-73.929,40.679,01/02/2016	8
-73.929,40.682,01/01/2016	4
-73.929,40.701,01/02/2016	2
-73.929,40.705,01/02/2016	2
-73.929,40.756,01/01/2016	2
-73.929,40.756,01/02/2016	34
-73.929,40.757,01/02/2016	2
-73.929,40.812,01/01/2016	2
-73.929,40.812,01/02/2016	2
-73.929,40.814,01/02/2016	2
-73.929,40.821,01/02/2016	2
-73.929,40.822,01/02/2016	2
-73.93,40.651,01/02/2016	2
-73.93,40.653,01/02/2016	2
-73.93,40.67,01/02/2016	4
-73.93,40.672,01/02/2016	2
-73.93,40.679,01/02/2016	4
-73.93,40.681,01/02/2016	2
-73.93,40.685,01/01/2016	2
-73.93,40.694,01/02/2016	2
-73.93,40.695,01/02/2016	2
-73.93,40.703,01/02/2016	2
-73.93,40.744,01/02/2016	2
-73.93,40.751,01/02/2016	2
-73.93,40.756,01/02/2016	8
-73.93,40.764,01/02/2016	2
-73.93,40.766,01/02/2016	6
-73.93,40.808,01/02/2016	4
-73.93,40.812,01/02/2016	2
-73.93,40.819,01/02/2016	2
-73.93,40.82,01/02/2016	2
-73.93,40.823,01/02/2016	2
-73.93,40.848,01/02/2016	2
-73.93,40.853,01/02/2016	2
-73.93,40.858,01/02/2016	2
-73.931,40.622,01/02/2016	2
-73.931,40.667,01/02/2016	2
-73.931,40.679,01/02/2016	2
-73.931,40.697,01/02/2016	4
-73.931,40.699,01/02/2016	2
-73.931,40.703,01/02/2016	4
-73.931,40.754,01/01/2016	2
-73.931,40.754,01/02/2016	2
-73.931,40.759,01/02/2016	2
-73.931,40.764,01/02/2016	2
-73.931,40.765,01/02/2016	12
-73.931,40.768,01/02/2016	2
-73.931,40.795,01/02/2016	2
-73.931,40.797,01/02/2016	2
-73.931,40.85,01/02/2016	2
-73.931,40.851,01/02/2016	2
-73.931,40.853,01/02/2016	2
-73.932,40.584,01/02/2016	2
-73.932,40.679,01/02/2016	2
-73.932,40.683,01/02/2016	2
-73.932,40.696,01/01/2016	2
-73.932,40.697,01/01/2016	2
-73.932,40.703,01/01/2016	2
-73.932,40.703,01/02/2016	2
-73.932,40.758,01/02/2016	2
-73.932,40.765,01/02/2016	2
-73.932,40.794,01/02/2016	4
-73.932,40.795,01/02/2016	46
-73.932,40.796,01/02/2016	4
-73.932,40.8,01/01/2016	2
-73.932,40.8,01/02/2016	4
-73.932,40.848,01/02/2016	2
-73.932,40.854,01/02/2016	2
-73.932,40.856,01/02/2016	2
-73.932,40.857,01/02/2016	2
-73.933,40.67,01/02/2016	4
-73.933,40.679,01/02/2016	2
-73.933,40.688,01/02/2016	2
-73.933,40.695,01/02/2016	2
-73.933,40.696,01/02/2016	2
-73.933,40.702,01/02/2016	2
-73.933,40.704,01/02/2016	2
-73.933,40.705,01/02/2016	4
-73.933,40.74,01/02/2016	2
-73.933,40.744,01/02/2016	2
-73.933,40.752,01/01/2016	2
-73.933,40.753,01/02/2016	2
-73.933,40.754,01/02/2016	2
-73.933,40.795,01/02/2016	12
-73.933,40.798,01/02/2016	2
-73.933,40.799,01/02/2016	4
-73.933,40.802,01/02/2016	10
-73.933,40.849,01/02/2016	4
-73.933,40.854,01/02/2016	2
-73.934,40.652,01/02/2016	2
-73.934,40.661,01/02/2016	2
-73.934,40.665,01/02/2016	2
-73.934,40.679,01/02/2016	2
-73.934,40.681,01/02/2016	2
-73.934,40.684,01/02/2016	2
-73.934,40.696,01/02/2016	4
-73.934,40.697,01/02/2016	6
-73.934,40.698,01/01/2016	2
-73.934,40.703,01/02/2016	2
-73.934,40.713,01/02/2016	2
-73.934,40.751,01/02/2016	2
-73.934,40.762,01/02/2016	8
-73.934,40.77,01/02/2016	2
-73.934,40.795,01/02/2016	2
-73.934,40.796,01/02/2016	2
-73.934,40.801,01/02/2016	10
-73.934,40.802,01/02/2016	2
-73.934,40.819,01/02/2016	2
-73.934,40.847,01/02/2016	2
-73.934,40.848,01/01/2016	2
-73.934,40.848,01/02/2016	2
-73.935,40.675,01/02/2016	4
-73.935,40.679,01/02/2016	2
-73.935,40.683,01/01/2016	2
-73.935,40.684,01/02/2016	2
-73.935,40.686,01/01/2016	2
-73.935,40.696,01/02/2016	4
-73.935,40.705,01/01/2016	2
-73.935,40.751,01/02/2016	2
-73.935,40.761,01/01/2016	2
-73.935,40.795,01/01/2016	2
-73.935,40.795,01/02/2016	4
-73.935,40.796,01/02/2016	6
-73.935,40.798,01/02/2016	4
-73.935,40.8,01/02/2016	10
-73.935,40.809,01/02/2016	4
-73.935,40.827,01/01/2016	2
-73.935,40.841,01/02/2016	2
-73.935,40.846,01/02/2016	2
-73.935,40.847,01/02/2016	2
-73.935,40.849,01/02/2016	2
-73.935,40.85,01/01/2016	2
-73.935,40.85,01/02/2016	2
-73.936,40.669,01/02/2016	2
-73.936,40.679,01/02/2016	2
-73.936,40.697,01/01/2016	2
-73.936,40.697,01/02/2016	4
-73.936,40.699,01/01/2016	2
-73.936,40.736,01/02/2016	2
-73.936,40.759,01/02/2016	6
-73.936,40.76,01/02/2016	2
-73.936,40.764,01/02/2016	2
-73.936,40.796,01/01/2016	2
-73.936,40.798,01/02/2016	4
-73.936,40.802,01/02/2016	6
-73.936,40.803,01/02/2016	2
-73.936,40.804,01/02/2016	2
-73.936,40.805,01/02/2016	2
-73.936,40.808,01/01/2016	2
-73.936,40.811,01/02/2016	2
-73.936,40.814,01/02/2016	2
-73.936,40.819,01/02/2016	2
-73.936,40.82,01/01/2016	4
-73.936,40.82,01/02/2016	16
-73.936,40.84,01/02/2016	2
-73.936,40.842,01/01/2016	2
-73.936,40.845,01/02/2016	2
-73.936,40.849,01/02/2016	4
-73.937,40.662,01/02/2016	2
-73.937,40.679,01/02/2016	2
-73.937,40.681,01/02/2016	2
-73.937,40.693,01/02/2016	4
-73.937,40.696,01/02/2016	2
-73.937,40.699,01/02/2016	2
-73.937,40.702,01/02/2016	2
-73.937,40.705,01/02/2016	2
-73.937,40.708,01/01/2016	2
-73.937,40.748,01/02/2016	4
-73.937,40.749,01/02/2016	2
-73.937,40.758,01/02/2016	2
-73.937,40.792,01/02/2016	2
-73.937,40.793,01/01/2016	2
-73.937,40.793,01/02/2016	2
-73.937,40.796,01/02/2016	4
-73.937,40.797,01/01/2016	2
-73.937,40.797,01/02/2016	4
-73.937,40.798,01/02/2016	2
-73.937,40.801,01/02/2016	4
-73.937,40.802,01/01/2016	2
-73.937,40.803,01/02/2016	18
-73.937,40.804,01/01/2016	4
-73.937,40.804,01/02/2016	56
-73.937,40.809,01/02/2016	2
-73.937,40.812,01/02/2016	4
-73.937,40.814,01/01/2016	2
-73.937,40.816,01/01/2016	2
-73.937,40.818,01/02/2016	2
-73.937,40.819,01/02/2016	2
-73.937,40.82,01/02/2016	2
-73.937,40.823,01/02/2016	4
-73.937,40.824,01/01/2016	2
-73.937,40.838,01/02/2016	4
-73.937,40.843,01/02/2016	2
-73.937,40.848,01/01/2016	2
-73.937,40.848,01/02/2016	6
-73.938,40.675,01/02/2016	2
-73.938,40.677,01/01/2016	2
-73.938,40.677,01/02/2016	2
-73.938,40.679,01/01/2016	2
-73.938,40.679,01/02/2016	4
-73.938,40.684,01/02/2016	2
-73.938,40.685,01/02/2016	2
-73.938,40.687,01/02/2016	2
-73.938,40.709,01/02/2016	2
-73.938,40.748,01/02/2016	4
-73.938,40.749,01/02/2016	2
-73.938,40.767,01/02/2016	4
-73.938,40.791,01/02/2016	4
-73.938,40.792,01/02/2016	4
-73.938,40.796,01/01/2016	2
-73.938,40.796,01/02/2016	10
-73.938,40.799,01/02/2016	8
-73.938,40.8,01/02/2016	2
-73.938,40.802,01/02/2016	4
-73.938,40.803,01/02/2016	4
-73.938,40.804,01/02/2016	18
-73.938,40.805,01/01/2016	4
-73.938,40.805,01/02/2016	44
-73.938,40.808,01/02/2016	2
-73.938,40.81,01/02/2016	2
-73.938,40.811,01/02/2016	10
-73.938,40.812,01/02/2016	4
-73.938,40.817,01/02/2016	22
-73.938,40.82,01/02/2016	2
-73.938,40.821,01/02/2016	2
-73.938,40.822,01/02/2016	4
-73.938,40.823,01/02/2016	2
-73.938,40.826,01/01/2016	2
-73.938,40.827,01/02/2016	2
-73.938,40.837,01/01/2016	2
-73.938,40.842,01/02/2016	2
-73.938,40.844,01/02/2016	2
-73.938,40.845,01/02/2016	2
-73.938,40.846,01/01/2016	2
-73.938,40.846,01/02/2016	10
-73.938,40.847,01/02/2016	4
-73.938,40.848,01/02/2016	4
-73.938,40.85,01/02/2016	2
-73.938,40.851,01/02/2016	2
-73.939,40.67,01/01/2016	2
-73.939,40.69,01/02/2016	2
-73.939,40.692,01/02/2016	4
-73.939,40.699,01/02/2016	2
-73.939,40.701,01/01/2016	2
-73.939,40.705,01/01/2016	2
-73.939,40.705,01/02/2016	4
-73.939,40.706,01/01/2016	2
-73.939,40.706,01/02/2016	2
-73.939,40.707,01/02/2016	4
-73.939,40.726,01/01/2016	2
-73.939,40.748,01/02/2016	2
-73.939,40.751,01/02/2016	2
-73.939,40.752,01/02/2016	2
-73.939,40.79,01/02/2016	6
-73.939,40.794,01/02/2016	4
-73.939,40.795,01/01/2016	2
-73.939,40.797,01/02/2016	6
-73.939,40.798,01/01/2016	2
-73.939,40.798,01/02/2016	14
-73.939,40.799,01/02/2016	2
-73.939,40.801,01/02/2016	2
-73.939,40.802,01/02/2016	6
-73.939,40.804,01/02/2016	14
-73.939,40.805,01/01/2016	2
-73.939,40.805,01/02/2016	160
-73.939,40.809,01/02/2016	2
-73.939,40.81,01/02/2016	6
-73.939,40.813,01/01/2016	2
-73.939,40.815,01/01/2016	2
-73.939,40.815,01/02/2016	8
-73.939,40.816,01/02/2016	16
-73.939,40.82,01/02/2016	4
-73.939,40.821,01/02/2016	4
-73.939,40.825,01/02/2016	4
-73.939,40.826,01/02/2016	4
-73.939,40.838,01/02/2016	2
-73.939,40.84,01/02/2016	2
-73.939,40.841,01/02/2016	2
-73.939,40.842,01/02/2016	4
-73.939,40.843,01/02/2016	4
-73.939,40.848,01/02/2016	8
-73.94,40.653,01/01/2016	2
-73.94,40.679,01/02/2016	8
-73.94,40.68,01/02/2016	4
-73.94,40.683,01/02/2016	2
-73.94,40.695,01/02/2016	2
-73.94,40.701,01/02/2016	2
-73.94,40.708,01/02/2016	4
-73.94,40.711,01/02/2016	2
-73.94,40.715,01/01/2016	2
-73.94,40.716,01/01/2016	2
-73.94,40.719,01/02/2016	2
-73.94,40.72,01/01/2016	2
-73.94,40.72,01/02/2016	2
-73.94,40.721,01/02/2016	2
-73.94,40.749,01/01/2016	2
-73.94,40.75,01/01/2016	2
-73.94,40.75,01/02/2016	4
-73.94,40.751,01/02/2016	2
-73.94,40.756,01/02/2016	2
-73.94,40.761,01/02/2016	2
-73.94,40.788,01/02/2016	4
-73.94,40.789,01/02/2016	4
-73.94,40.792,01/01/2016	2
-73.94,40.792,01/02/2016	2
-73.94,40.793,01/01/2016	2
-73.94,40.793,01/02/2016	14
-73.94,40.797,01/02/2016	4
-73.94,40.798,01/02/2016	8
-73.94,40.799,01/01/2016	2
-73.94,40.799,01/02/2016	4
-73.94,40.8,01/02/2016	4
-73.94,40.805,01/01/2016	2
-73.94,40.805,01/02/2016	14
-73.94,40.806,01/02/2016	4
-73.94,40.808,01/02/2016	2
-73.94,40.809,01/02/2016	2
-73.94,40.81,01/02/2016	2
-73.94,40.813,01/01/2016	2
-73.94,40.814,01/02/2016	8
-73.94,40.815,01/02/2016	2
-73.94,40.819,01/02/2016	2
-73.94,40.82,01/01/2016	2
-73.94,40.82,01/02/2016	2
-73.94,40.822,01/02/2016	6
-73.94,40.824,01/02/2016	6
-73.94,40.832,01/02/2016	2
-73.94,40.839,01/02/2016	6
-73.94,40.84,01/02/2016	14
-73.94,40.851,01/02/2016	2
-73.941,40.671,01/02/2016	2
-73.941,40.675,01/02/2016	4
-73.941,40.678,01/02/2016	2
-73.941,40.679,01/02/2016	6
-73.941,40.681,01/02/2016	2
-73.941,40.688,01/02/2016	4
-73.941,40.7,01/02/2016	4
-73.941,40.711,01/02/2016	2
-73.941,40.713,01/02/2016	2
-73.941,40.714,01/01/2016	2
-73.941,40.716,01/01/2016	2
-73.941,40.753,01/02/2016	2
-73.941,40.754,01/02/2016	2
-73.941,40.755,01/01/2016	2
-73.941,40.784,01/02/2016	2
-73.941,40.786,01/02/2016	4
-73.941,40.787,01/01/2016	2
-73.941,40.787,01/02/2016	6
-73.941,40.788,01/01/2016	4
-73.941,40.791,01/02/2016	4
-73.941,40.792,01/02/2016	4
-73.941,40.795,01/02/2016	6
-73.941,40.796,01/02/2016	2
-73.941,40.798,01/02/2016	48
-73.941,40.799,01/02/2016	6
-73.941,40.805,01/02/2016	2
-73.941,40.807,01/02/2016	2
-73.941,40.812,01/02/2016	10
-73.941,40.813,01/01/2016	2
-73.941,40.813,01/02/2016	6
-73.941,40.816,01/01/2016	2
-73.941,40.817,01/02/2016	4
-73.941,40.818,01/02/2016	8
-73.941,40.822,01/01/2016	4
-73.941,40.822,01/02/2016	8
-73.941,40.83,01/02/2016	4
-73.941,40.835,01/02/2016	2
-73.941,40.838,01/02/2016	2
-73.941,40.839,01/02/2016	4
-73.942,40.638,01/02/2016	2
-73.942,40.663,01/02/2016	2
-73.942,40.667,01/01/2016	2
-73.942,40.688,01/02/2016	2
-73.942,40.69,01/02/2016	2
-73.942,40.692,01/01/2016	2
-73.942,40.693,01/02/2016	2
-73.942,40.7,01/02/2016	6
-73.942,40.701,01/02/2016	6
-73.942,40.714,01/01/2016	2
-73.942,40.725,01/02/2016	2
-73.942,40.726,01/01/2016	2
-73.942,40.749,01/02/2016	2
-73.942,40.753,01/02/2016	4
-73.942,40.754,01/01/2016	4
-73.942,40.754,01/02/2016	14
-73.942,40.761,01/02/2016	4
-73.942,40.786,01/01/2016	2
-73.942,40.786,01/02/2016	14
-73.942,40.79,01/02/2016	6
-73.942,40.791,01/02/2016	4
-73.942,40.793,01/02/2016	2
-73.942,40.794,01/02/2016	6
-73.942,40.797,01/02/2016	2
-73.942,40.798,01/02/2016	8
-73.942,40.799,01/01/2016	2
-73.942,40.799,01/02/2016	2
-73.942,40.806,01/02/2016	14
-73.942,40.811,01/02/2016	2
-73.942,40.812,01/01/2016	2
-73.942,40.812,01/02/2016	8
-73.942,40.813,01/01/2016	2
-73.942,40.815,01/02/2016	2
-73.942,40.817,01/02/2016	2
-73.942,40.821,01/02/2016	4
-73.942,40.822,01/01/2016	4
-73.942,40.822,01/02/2016	4
-73.942,40.823,01/02/2016	2
-73.942,40.827,01/02/2016	2
-73.942,40.828,01/02/2016	4
-73.942,40.831,01/02/2016	2
-73.942,40.832,01/02/2016	2
-73.942,40.837,01/01/2016	2
-73.942,40.837,01/02/2016	8
-73.942,40.838,01/02/2016	2
-73.942,40.84,01/02/2016	2
-73.942,40.841,01/02/2016	14
-73.942,40.842,01/02/2016	2
-73.943,40.655,01/02/2016	2
-73.943,40.672,01/01/2016	2
-73.943,40.679,01/02/2016	2
-73.943,40.68,01/02/2016	8
-73.943,40.683,01/01/2016	4
-73.943,40.692,01/01/2016	4
-73.943,40.696,01/02/2016	2
-73.943,40.698,01/02/2016	2
-73.943,40.706,01/02/2016	2
-73.943,40.707,01/01/2016	2
-73.943,40.707,01/02/2016	2
-73.943,40.708,01/02/2016	2
-73.943,40.711,01/02/2016	2
-73.943,40.714,01/02/2016	4
-73.943,40.715,01/02/2016	2
-73.943,40.718,01/02/2016	2
-73.943,40.746,01/02/2016	2
-73.943,40.747,01/02/2016	2
-73.943,40.768,01/02/2016	2
-73.943,40.783,01/02/2016	2
-73.943,40.789,01/02/2016	4
-73.943,40.792,01/02/2016	2
-73.943,40.793,01/01/2016	2
-73.943,40.793,01/02/2016	2
-73.943,40.794,01/02/2016	2
-73.943,40.795,01/02/2016	2
-73.943,40.796,01/01/2016	2
-73.943,40.796,01/02/2016	4
-73.943,40.799,01/02/2016	8
-73.943,40.8,01/02/2016	2
-73.943,40.801,01/02/2016	6
-73.943,40.806,01/02/2016	4
-73.943,40.807,01/02/2016	4
-73.943,40.809,01/02/2016	4
-73.943,40.81,01/02/2016	12
-73.943,40.814,01/01/2016	2
-73.943,40.815,01/02/2016	4
-73.943,40.82,01/02/2016	2
-73.943,40.821,01/02/2016	2
-73.943,40.823,01/02/2016	2
-73.943,40.824,01/01/2016	2
-73.943,40.825,01/02/2016	4
-73.943,40.827,01/01/2016	2
-73.943,40.831,01/02/2016	4
-73.943,40.835,01/02/2016	2
-73.943,40.836,01/01/2016	2
-73.943,40.836,01/02/2016	6
-73.943,40.839,01/02/2016	2
-73.943,40.841,01/02/2016	2
-73.944,40.655,01/02/2016	2
-73.944,40.662,01/02/2016	2
-73.944,40.679,01/02/2016	2
-73.944,40.68,01/02/2016	6
-73.944,40.683,01/01/2016	2
-73.944,40.686,01/02/2016	2
-73.944,40.688,01/02/2016	2
-73.944,40.702,01/02/2016	2
-73.944,40.707,01/01/2016	2
-73.944,40.711,01/02/2016	2
-73.944,40.714,01/01/2016	4
-73.944,40.714,01/02/2016	18
-73.944,40.72,01/01/2016	2
-73.944,40.72,01/02/2016	6
-73.944,40.723,01/02/2016	2
-73.944,40.724,01/02/2016	4
-73.944,40.725,01/02/2016	2
-73.944,40.744,01/02/2016	2
-73.944,40.746,01/02/2016	4
-73.944,40.747,01/02/2016	6
-73.944,40.783,01/02/2016	4
-73.944,40.784,01/02/2016	6
-73.944,40.787,01/02/2016	2
-73.944,40.788,01/02/2016	2
-73.944,40.791,01/01/2016	2
-73.944,40.791,01/02/2016	18
-73.944,40.792,01/01/2016	2
-73.944,40.792,01/02/2016	2
-73.944,40.794,01/02/2016	26
-73.944,40.795,01/02/2016	2
-73.944,40.798,01/01/2016	2
-73.944,40.799,01/02/2016	4
-73.944,40.8,01/02/2016	2
-73.944,40.803,01/02/2016	4
-73.944,40.807,01/02/2016	2
-73.944,40.808,01/01/2016	2
-73.944,40.808,01/02/2016	16
-73.944,40.809,01/02/2016	6
-73.944,40.813,01/01/2016	2
-73.944,40.813,01/02/2016	4
-73.944,40.814,01/01/2016	4
-73.944,40.814,01/02/2016	2
-73.944,40.818,01/02/2016	4
-73.944,40.819,01/02/2016	4
-73.944,40.823,01/01/2016	2
-73.944,40.823,01/02/2016	10
-73.944,40.824,01/01/2016	4
-73.944,40.824,01/02/2016	6
-73.944,40.828,01/01/2016	4
-73.944,40.834,01/01/2016	2
-73.944,40.834,01/02/2016	20
-73.944,40.835,01/02/2016	4
-73.945,40.675,01/02/2016	2
-73.945,40.686,01/02/2016	2
-73.945,40.691,01/02/2016	2
-73.945,40.692,01/01/2016	2
-73.945,40.71,01/01/2016	2
-73.945,40.711,01/02/2016	4
-73.945,40.712,01/02/2016	2
-73.945,40.719,01/02/2016	2
-73.945,40.72,01/02/2016	2
-73.945,40.745,01/02/2016	4
-73.945,40.746,01/01/2016	2
-73.945,40.751,01/02/2016	2
-73.945,40.752,01/01/2016	2
-73.945,40.786,01/02/2016	4
-73.945,40.787,01/02/2016	2
-73.945,40.789,01/02/2016	2
-73.945,40.79,01/01/2016	2
-73.945,40.79,01/02/2016	14
-73.945,40.791,01/02/2016	2
-73.945,40.792,01/02/2016	2
-73.945,40.793,01/02/2016	4
-73.945,40.798,01/02/2016	4
-73.945,40.799,01/01/2016	2
-73.945,40.799,01/02/2016	4
-73.945,40.8,01/01/2016	4
-73.945,40.8,01/02/2016	4
-73.945,40.802,01/01/2016	2
-73.945,40.805,01/02/2016	2
-73.945,40.807,01/01/2016	2
-73.945,40.807,01/02/2016	38
-73.945,40.808,01/01/2016	2
-73.945,40.808,01/02/2016	28
-73.945,40.812,01/02/2016	4
-73.945,40.813,01/02/2016	4
-73.945,40.818,01/02/2016	2
-73.945,40.819,01/01/2016	2
-73.945,40.821,01/01/2016	2
-73.945,40.822,01/01/2016	2
-73.945,40.828,01/01/2016	4
-73.945,40.828,01/02/2016	2
-73.945,40.833,01/02/2016	6
-73.946,40.631,01/02/2016	2
-73.946,40.677,01/02/2016	2
-73.946,40.678,01/02/2016	2
-73.946,40.68,01/02/2016	12
-73.946,40.682,01/02/2016	2
-73.946,40.683,01/02/2016	2
-73.946,40.695,01/01/2016	2
-73.946,40.711,01/02/2016	2
-73.946,40.714,01/02/2016	2
-73.946,40.717,01/02/2016	2
-73.946,40.721,01/02/2016	2
-73.946,40.722,01/02/2016	2
-73.946,40.725,01/02/2016	2
-73.946,40.749,01/02/2016	2
-73.946,40.75,01/02/2016	2
-73.946,40.784,01/01/2016	2
-73.946,40.784,01/02/2016	4
-73.946,40.785,01/02/2016	2
-73.946,40.786,01/02/2016	2
-73.946,40.788,01/02/2016	2
-73.946,40.789,01/01/2016	2
-73.946,40.789,01/02/2016	10
-73.946,40.791,01/02/2016	2
-73.946,40.792,01/02/2016	2
-73.946,40.796,01/02/2016	2
-73.946,40.797,01/01/2016	4
-73.946,40.797,01/02/2016	6
-73.946,40.8,01/01/2016	2
-73.946,40.8,01/02/2016	12
-73.946,40.805,01/02/2016	4
-73.946,40.806,01/01/2016	4
-73.946,40.806,01/02/2016	8
-73.946,40.807,01/02/2016	4
-73.946,40.808,01/02/2016	6
-73.946,40.811,01/02/2016	2
-73.946,40.816,01/02/2016	16
-73.946,40.818,01/02/2016	2
-73.946,40.821,01/01/2016	2
-73.946,40.821,01/02/2016	2
-73.946,40.823,01/02/2016	2
-73.946,40.824,01/01/2016	2
-73.946,40.831,01/02/2016	2
-73.946,40.832,01/02/2016	2
-73.947,40.632,01/02/2016	2
-73.947,40.633,01/02/2016	2
-73.947,40.674,01/02/2016	2
-73.947,40.68,01/02/2016	8
-73.947,40.685,01/02/2016	2
-73.947,40.686,01/02/2016	2
-73.947,40.707,01/02/2016	2
-73.947,40.709,01/01/2016	2
-73.947,40.709,01/02/2016	2
-73.947,40.712,01/02/2016	2
-73.947,40.714,01/02/2016	2
-73.947,40.722,01/02/2016	2
-73.947,40.724,01/02/2016	2
-73.947,40.748,01/02/2016	18
-73.947,40.753,01/01/2016	2
-73.947,40.763,01/02/2016	2
-73.947,40.784,01/01/2016	2
-73.947,40.784,01/02/2016	4
-73.947,40.787,01/01/2016	2
-73.947,40.787,01/02/2016	6
-73.947,40.788,01/02/2016	2
-73.947,40.79,01/02/2016	18
-73.947,40.795,01/02/2016	2
-73.947,40.796,01/02/2016	16
-73.947,40.798,01/02/2016	6
-73.947,40.799,01/02/2016	6
-73.947,40.801,01/01/2016	2
-73.947,40.801,01/02/2016	2
-73.947,40.804,01/02/2016	4
-73.947,40.809,01/01/2016	2
-73.947,40.809,01/02/2016	2
-73.947,40.81,01/02/2016	2
-73.947,40.814,01/02/2016	4
-73.947,40.815,01/02/2016	8
-73.947,40.816,01/02/2016	2
-73.947,40.823,01/02/2016	2
-73.947,40.824,01/02/2016	2
-73.947,40.825,01/02/2016	4
-73.947,40.829,01/01/2016	2
-73.947,40.829,01/02/2016	2
-73.947,40.83,01/01/2016	2
-73.947,40.83,01/02/2016	6
-73.948,40.641,01/02/2016	2
-73.948,40.643,01/02/2016	2
-73.948,40.68,01/02/2016	8
-73.948,40.691,01/01/2016	2
-73.948,40.693,01/01/2016	2
-73.948,40.693,01/02/2016	2
-73.948,40.695,01/02/2016	2
-73.948,40.709,01/01/2016	2
-73.948,40.711,01/02/2016	6
-73.948,40.714,01/01/2016	4
-73.948,40.714,01/02/2016	4
-73.948,40.717,01/02/2016	2
-73.948,40.718,01/01/2016	2
-73.948,40.718,01/02/2016	2
-73.948,40.722,01/02/2016	2
-73.948,40.727,01/02/2016	4
-73.948,40.744,01/02/2016	4
-73.948,40.784,01/02/2016	6
-73.948,40.785,01/02/2016	4
-73.948,40.786,01/02/2016	2
-73.948,40.788,01/02/2016	2
-73.948,40.789,01/02/2016	10
-73.948,40.794,01/01/2016	2
-73.948,40.794,01/02/2016	4
-73.948,40.795,01/02/2016	4
-73.948,40.797,01/02/2016	10
-73.948,40.798,01/01/2016	2
-73.948,40.798,01/02/2016	8
-73.948,40.803,01/02/2016	4
-73.948,40.807,01/02/2016	2
-73.948,40.808,01/02/2016	12
-73.948,40.809,01/02/2016	12
-73.948,40.813,01/01/2016	2
-73.948,40.813,01/02/2016	4
-73.948,40.814,01/02/2016	2
-73.948,40.823,01/02/2016	4
-73.948,40.824,01/01/2016	2
-73.948,40.824,01/02/2016	4
-73.948,40.828,01/01/2016	2
-73.948,40.828,01/02/2016	12
-73.948,40.829,01/01/2016	2
-73.948,40.829,01/02/2016	10
-73.948,40.83,01/02/2016	2
-73.949,40.64,01/02/2016	2
-73.949,40.675,01/02/2016	2
-73.949,40.676,01/01/2016	2
-73.949,40.676,01/02/2016	2
-73.949,40.677,01/02/2016	6
-73.949,40.679,01/01/2016	2
-73.949,40.679,01/02/2016	2
-73.949,40.68,01/01/2016	2
-73.949,40.68,01/02/2016	32
-73.949,40.681,01/02/2016	2
-73.949,40.687,01/02/2016	2
-73.949,40.695,01/02/2016	2
-73.949,40.704,01/02/2016	2
-73.949,40.705,01/01/2016	2
-73.949,40.705,01/02/2016	2
-73.949,40.71,01/02/2016	2
-73.949,40.711,01/02/2016	4
-73.949,40.713,01/01/2016	2
-73.949,40.713,01/02/2016	2
-73.949,40.714,01/01/2016	6
-73.949,40.714,01/02/2016	10
-73.949,40.716,01/01/2016	2
-73.949,40.716,01/02/2016	2
-73.949,40.722,01/02/2016	8
-73.949,40.724,01/01/2016	2
-73.949,40.727,01/01/2016	2
-73.949,40.748,01/01/2016	2
-73.949,40.748,01/02/2016	2
-73.949,40.784,01/02/2016	2
-73.949,40.785,01/02/2016	28
-73.949,40.787,01/01/2016	2
-73.949,40.787,01/02/2016	2
-73.949,40.79,01/02/2016	2
-73.949,40.793,01/01/2016	2
-73.949,40.793,01/02/2016	14
-73.949,40.794,01/02/2016	8
-73.949,40.796,01/02/2016	10
-73.949,40.797,01/01/2016	2
-73.949,40.797,01/02/2016	4
-73.949,40.801,01/01/2016	4
-73.949,40.801,01/02/2016	12
-73.949,40.802,01/01/2016	4
-73.949,40.802,01/02/2016	24
-73.949,40.806,01/01/2016	2
-73.949,40.806,01/02/2016	2
-73.949,40.807,01/02/2016	6
-73.949,40.809,01/02/2016	10
-73.949,40.812,01/01/2016	2
-73.949,40.812,01/02/2016	4
-73.949,40.822,01/02/2016	8
-73.949,40.825,01/02/2016	2
-73.949,40.826,01/02/2016	2
-73.949,40.827,01/02/2016	6
-73.949,40.828,01/02/2016	6
-73.95,40.656,01/02/2016	2
-73.95,40.662,01/02/2016	4
-73.95,40.663,01/02/2016	2
-73.95,40.667,01/01/2016	2
-73.95,40.672,01/02/2016	4
-73.95,40.675,01/01/2016	4
-73.95,40.676,01/02/2016	2
-73.95,40.68,01/02/2016	6
-73.95,40.682,01/02/2016	2
-73.95,40.684,01/02/2016	4
-73.95,40.686,01/01/2016	2
-73.95,40.686,01/02/2016	4
-73.95,40.693,01/01/2016	2
-73.95,40.699,01/01/2016	2
-73.95,40.699,01/02/2016	2
-73.95,40.706,01/02/2016	4
-73.95,40.707,01/01/2016	2
-73.95,40.707,01/02/2016	2
-73.95,40.709,01/02/2016	2
-73.95,40.711,01/01/2016	2
-73.95,40.711,01/02/2016	2
-73.95,40.722,01/01/2016	2
-73.95,40.722,01/02/2016	6
-73.95,40.723,01/01/2016	4
-73.95,40.723,01/02/2016	28
-73.95,40.743,01/01/2016	2
-73.95,40.743,01/02/2016	4
-73.95,40.761,01/02/2016	2
-73.95,40.785,01/01/2016	2
-73.95,40.785,01/02/2016	28
-73.95,40.786,01/02/2016	20
-73.95,40.792,01/02/2016	6
-73.95,40.794,01/02/2016	4
-73.95,40.795,01/02/2016	4
-73.95,40.801,01/02/2016	6
-73.95,40.802,01/02/2016	8
-73.95,40.804,01/02/2016	2
-73.95,40.805,01/02/2016	4
-73.95,40.806,01/02/2016	6
-73.95,40.809,01/02/2016	8
-73.95,40.81,01/01/2016	2
-73.95,40.81,01/02/2016	18
-73.95,40.811,01/02/2016	4
-73.95,40.813,01/01/2016	2
-73.95,40.813,01/02/2016	4
-73.95,40.822,01/02/2016	2
-73.95,40.824,01/02/2016	2
-73.95,40.825,01/02/2016	2
-73.95,40.826,01/01/2016	2
-73.95,40.826,01/02/2016	12
-73.95,40.827,01/02/2016	2
-73.95,40.828,01/01/2016	2
-73.951,40.64,01/02/2016	2
-73.951,40.656,01/01/2016	2
-73.951,40.663,01/02/2016	6
-73.951,40.665,01/02/2016	2
-73.951,40.672,01/02/2016	2
-73.951,40.676,01/02/2016	2
-73.951,40.68,01/01/2016	2
-73.951,40.68,01/02/2016	6
-73.951,40.683,01/02/2016	2
-73.951,40.686,01/02/2016	2
-73.951,40.687,01/01/2016	2
-73.951,40.688,01/02/2016	2
-73.951,40.689,01/01/2016	2
-73.951,40.689,01/02/2016	12
-73.951,40.69,01/01/2016	2
-73.951,40.69,01/02/2016	2
-73.951,40.699,01/02/2016	2
-73.951,40.71,01/01/2016	2
-73.951,40.711,01/01/2016	2
-73.951,40.711,01/02/2016	4
-73.951,40.712,01/01/2016	2
-73.951,40.712,01/02/2016	2
-73.951,40.713,01/01/2016	4
-73.951,40.713,01/02/2016	22
-73.951,40.714,01/01/2016	10
-73.951,40.714,01/02/2016	4
-73.951,40.716,01/01/2016	2
-73.951,40.723,01/02/2016	6
-73.951,40.724,01/02/2016	4
-73.951,40.725,01/01/2016	2
-73.951,40.725,01/02/2016	14
-73.951,40.732,01/02/2016	2
-73.951,40.742,01/02/2016	2
-73.951,40.743,01/01/2016	4
-73.951,40.785,01/02/2016	20
-73.951,40.786,01/02/2016	8
-73.951,40.788,01/02/2016	2
-73.951,40.789,01/02/2016	2
-73.951,40.79,01/02/2016	12
-73.951,40.791,01/02/2016	8
-73.951,40.793,01/02/2016	4
-73.951,40.797,01/02/2016	4
-73.951,40.799,01/02/2016	8
-73.951,40.8,01/02/2016	6
-73.951,40.802,01/02/2016	4
-73.951,40.804,01/02/2016	4
-73.951,40.805,01/01/2016	2
-73.951,40.809,01/02/2016	22
-73.951,40.81,01/02/2016	30
-73.951,40.811,01/01/2016	2
-73.951,40.811,01/02/2016	6
-73.951,40.812,01/02/2016	2
-73.951,40.814,01/02/2016	2
-73.951,40.825,01/02/2016	4
-73.952,40.652,01/02/2016	2
-73.952,40.653,01/02/2016	2
-73.952,40.654,01/02/2016	2
-73.952,40.659,01/02/2016	6
-73.952,40.66,01/02/2016	6
-73.952,40.671,01/02/2016	2
-73.952,40.673,01/01/2016	2
-73.952,40.676,01/01/2016	2
-73.952,40.676,01/02/2016	2
-73.952,40.677,01/02/2016	2
-73.952,40.68,01/02/2016	2
-73.952,40.694,01/02/2016	2
-73.952,40.695,01/01/2016	2
-73.952,40.695,01/02/2016	6
-73.952,40.696,01/01/2016	2
-73.952,40.713,01/02/2016	2
-73.952,40.714,01/02/2016	2
-73.952,40.716,01/01/2016	2
-73.952,40.716,01/02/2016	2
-73.952,40.717,01/02/2016	2
-73.952,40.723,01/01/2016	4
-73.952,40.723,01/02/2016	4
-73.952,40.725,01/02/2016	4
-73.952,40.726,01/01/2016	4
-73.952,40.726,01/02/2016	2
-73.952,40.727,01/01/2016	2
-73.952,40.727,01/02/2016	6
-73.952,40.73,01/01/2016	2
-73.952,40.733,01/02/2016	2
-73.952,40.734,01/01/2016	2
-73.952,40.734,01/02/2016	2
-73.952,40.742,01/01/2016	2
-73.952,40.742,01/02/2016	4
-73.952,40.743,01/02/2016	2
-73.952,40.746,01/02/2016	2
-73.952,40.758,01/02/2016	2
-73.952,40.786,01/02/2016	8
-73.952,40.788,01/02/2016	2
-73.952,40.789,01/01/2016	2
-73.952,40.789,01/02/2016	34
-73.952,40.79,01/02/2016	6
-73.952,40.792,01/02/2016	2
-73.952,40.798,01/01/2016	4
-73.952,40.798,01/02/2016	12
-73.952,40.8,01/02/2016	2
-73.952,40.802,01/02/2016	2
-73.952,40.803,01/01/2016	4
-73.952,40.803,01/02/2016	16
-73.952,40.807,01/01/2016	2
-73.952,40.808,01/01/2016	4
-73.952,40.808,01/02/2016	18
-73.952,40.809,01/02/2016	10
-73.952,40.81,01/02/2016	36
-73.952,40.811,01/01/2016	2
-73.952,40.811,01/02/2016	8
-73.952,40.818,01/01/2016	2
-73.952,40.818,01/02/2016	6
-73.952,40.823,01/02/2016	4
-73.952,40.824,01/01/2016	2
-73.952,40.824,01/02/2016	4
-73.953,40.587,01/02/2016	8
-73.953,40.638,01/02/2016	2
-73.953,40.653,01/02/2016	2
-73.953,40.655,01/01/2016	2
-73.953,40.659,01/02/2016	6
-73.953,40.66,01/02/2016	2
-73.953,40.665,01/02/2016	2
-73.953,40.669,01/01/2016	2
-73.953,40.669,01/02/2016	2
-73.953,40.671,01/02/2016	2
-73.953,40.679,01/02/2016	2
-73.953,40.68,01/02/2016	8
-73.953,40.681,01/01/2016	2
-73.953,40.681,01/02/2016	2
-73.953,40.683,01/02/2016	2
-73.953,40.687,01/01/2016	2
-73.953,40.694,01/02/2016	4
-73.953,40.699,01/02/2016	2
-73.953,40.706,01/02/2016	2
-73.953,40.71,01/02/2016	2
-73.953,40.714,01/02/2016	2
-73.953,40.717,01/01/2016	2
-73.953,40.728,01/01/2016	2
-73.953,40.728,01/02/2016	8
-73.953,40.729,01/02/2016	6
-73.953,40.732,01/02/2016	4
-73.953,40.743,01/02/2016	4
-73.953,40.759,01/02/2016	6
-73.953,40.786,01/02/2016	4
-73.953,40.787,01/02/2016	18
-73.953,40.788,01/02/2016	14
-73.953,40.79,01/02/2016	26
-73.953,40.791,01/02/2016	10
-73.953,40.8,01/01/2016	2
-73.953,40.801,01/02/2016	4
-73.953,40.803,01/01/2016	4
-73.953,40.803,01/02/2016	2
-73.953,40.806,01/01/2016	4
-73.953,40.806,01/02/2016	24
-73.953,40.807,01/02/2016	12
-73.953,40.811,01/02/2016	4
-73.953,40.816,01/01/2016	2
-73.953,40.816,01/02/2016	2
-73.953,40.817,01/02/2016	2
-73.953,40.821,01/02/2016	6
-73.953,40.822,01/02/2016	4
-73.954,40.587,01/02/2016	4
-73.954,40.639,01/01/2016	2
-73.954,40.663,01/01/2016	2
-73.954,40.668,01/02/2016	2
-73.954,40.671,01/02/2016	2
-73.954,40.672,01/02/2016	2
-73.954,40.673,01/02/2016	2
-73.954,40.685,01/02/2016	2
-73.954,40.686,01/01/2016	2
-73.954,40.686,01/02/2016	2
-73.954,40.688,01/01/2016	4
-73.954,40.689,01/02/2016	4
-73.954,40.693,01/02/2016	2
-73.954,40.694,01/01/2016	2
-73.954,40.694,01/02/2016	2
-73.954,40.707,01/01/2016	2
-73.954,40.709,01/02/2016	2
-73.954,40.714,01/02/2016	2
-73.954,40.717,01/02/2016	2
-73.954,40.718,01/01/2016	2
-73.954,40.718,01/02/2016	4
-73.954,40.719,01/02/2016	10
-73.954,40.72,01/01/2016	2
-73.954,40.722,01/02/2016	2
-73.954,40.729,01/02/2016	8
-73.954,40.73,01/02/2016	22
-73.954,40.731,01/01/2016	2
-73.954,40.731,01/02/2016	8
-73.954,40.732,01/01/2016	4
-73.954,40.732,01/02/2016	16
-73.954,40.733,01/01/2016	2
-73.954,40.733,01/02/2016	8
-73.954,40.734,01/01/2016	2
-73.954,40.734,01/02/2016	4
-73.954,40.742,01/01/2016	2
-73.954,40.742,01/02/2016	6
-73.954,40.743,01/02/2016	4
-73.954,40.757,01/02/2016	2
-73.954,40.786,01/02/2016	2
-73.954,40.787,01/02/2016	16
-73.954,40.789,01/02/2016	24
-73.954,40.79,01/01/2016	2
-73.954,40.79,01/02/2016	6
-73.954,40.799,01/02/2016	2
-73.954,40.8,01/02/2016	6
-73.954,40.801,01/02/2016	2
-73.954,40.803,01/02/2016	4
-73.954,40.804,01/02/2016	4
-73.954,40.805,01/01/2016	4
-73.954,40.805,01/02/2016	28
-73.954,40.806,01/01/2016	6
-73.954,40.806,01/02/2016	8
-73.954,40.811,01/02/2016	4
-73.954,40.815,01/01/2016	2
-73.954,40.815,01/02/2016	2
-73.954,40.82,01/01/2016	2
-73.954,40.82,01/02/2016	12
-73.954,40.821,01/02/2016	6
-73.954,40.827,01/02/2016	2
-73.955,40.61,01/02/2016	2
-73.955,40.665,01/02/2016	2
-73.955,40.667,01/02/2016	4
-73.955,40.669,01/02/2016	2
-73.955,40.67,01/02/2016	2
-73.955,40.674,01/02/2016	2
-73.955,40.676,01/01/2016	2
-73.955,40.676,01/02/2016	2
-73.955,40.677,01/02/2016	6
-73.955,40.679,01/02/2016	2
-73.955,40.68,01/02/2016	4
-73.955,40.681,01/02/2016	8
-73.955,40.684,01/02/2016	4
-73.955,40.688,01/02/2016	2
-73.955,40.689,01/02/2016	4
-73.955,40.69,01/01/2016	2
-73.955,40.69,01/02/2016	2
-73.955,40.691,01/02/2016	2
-73.955,40.692,01/02/2016	4
-73.955,40.693,01/02/2016	2
-73.955,40.696,01/02/2016	4
-73.955,40.714,01/02/2016	10
-73.955,40.717,01/01/2016	2
-73.955,40.717,01/02/2016	6
-73.955,40.718,01/02/2016	8
-73.955,40.719,01/02/2016	10
-73.955,40.72,01/01/2016	2
-73.955,40.72,01/02/2016	8
-73.955,40.721,01/01/2016	2
-73.955,40.721,01/02/2016	6
-73.955,40.722,01/01/2016	6
-73.955,40.722,01/02/2016	4
-73.955,40.723,01/01/2016	2
-73.955,40.724,01/02/2016	2
-73.955,40.731,01/02/2016	2
-73.955,40.734,01/01/2016	2
-73.955,40.734,01/02/2016	2
-73.955,40.735,01/01/2016	2
-73.955,40.735,01/02/2016	6
-73.955,40.736,01/02/2016	2
-73.955,40.737,01/02/2016	2
-73.955,40.745,01/02/2016	6
-73.955,40.747,01/02/2016	4
-73.955,40.787,01/01/2016	2
-73.955,40.787,01/02/2016	8
-73.955,40.788,01/02/2016	8
-73.955,40.789,01/02/2016	2
-73.955,40.799,01/02/2016	4
-73.955,40.803,01/01/2016	2
-73.955,40.803,01/02/2016	6
-73.955,40.804,01/01/2016	10
-73.955,40.804,01/02/2016	44
-73.955,40.805,01/01/2016	2
-73.955,40.806,01/02/2016	2
-73.955,40.812,01/02/2016	6
-73.955,40.813,01/02/2016	2
-73.955,40.814,01/02/2016	6
-73.955,40.818,01/02/2016	2
-73.955,40.819,01/01/2016	2
-73.955,40.82,01/02/2016	10
-73.956,40.641,01/02/2016	2
-73.956,40.653,01/02/2016	2
-73.956,40.654,01/02/2016	2
-73.956,40.656,01/02/2016	2
-73.956,40.663,01/01/2016	2
-73.956,40.664,01/01/2016	2
-73.956,40.665,01/02/2016	2
-73.956,40.668,01/01/2016	2
-73.956,40.673,01/02/2016	6
-73.956,40.674,01/01/2016	2
-73.956,40.674,01/02/2016	4
-73.956,40.675,01/01/2016	2
-73.956,40.675,01/02/2016	6
-73.956,40.676,01/02/2016	2
-73.956,40.683,01/01/2016	2
-73.956,40.686,01/01/2016	2
-73.956,40.686,01/02/2016	2
-73.956,40.687,01/01/2016	2
-73.956,40.69,01/01/2016	2
-73.956,40.69,01/02/2016	2
-73.956,40.694,01/02/2016	4
-73.956,40.695,01/01/2016	2
-73.956,40.695,01/02/2016	2
-73.956,40.697,01/02/2016	4
-73.956,40.698,01/02/2016	2
-73.956,40.699,01/02/2016	2
-73.956,40.712,01/02/2016	8
-73.956,40.714,01/02/2016	4
-73.956,40.716,01/01/2016	4
-73.956,40.716,01/02/2016	18
-73.956,40.717,01/01/2016	2
-73.956,40.717,01/02/2016	18
-73.956,40.718,01/02/2016	12
-73.956,40.719,01/01/2016	2
-73.956,40.719,01/02/2016	4
-73.956,40.72,01/02/2016	12
-73.956,40.721,01/02/2016	2
-73.956,40.744,01/02/2016	2
-73.956,40.745,01/02/2016	10
-73.956,40.746,01/02/2016	12
-73.956,40.747,01/01/2016	2
-73.956,40.747,01/02/2016	22
-73.956,40.748,01/02/2016	18
-73.956,40.787,01/02/2016	4
-73.956,40.799,01/02/2016	2
-73.956,40.8,01/02/2016	2
-73.956,40.801,01/02/2016	2
-73.956,40.802,01/02/2016	8
-73.956,40.803,01/02/2016	6
-73.956,40.805,01/01/2016	2
-73.956,40.812,01/01/2016	2
-73.956,40.812,01/02/2016	10
-73.956,40.813,01/01/2016	2
-73.956,40.813,01/02/2016	8
-73.956,40.817,01/02/2016	4
-73.956,40.818,01/01/2016	2
-73.956,40.818,01/02/2016	4
-73.957,40.642,01/02/2016	2
-73.957,40.658,01/01/2016	2
-73.957,40.661,01/01/2016	2
-73.957,40.662,01/02/2016	2
-73.957,40.663,01/02/2016	4
-73.957,40.664,01/02/2016	2
-73.957,40.667,01/02/2016	2
-73.957,40.67,01/01/2016	2
-73.957,40.67,01/02/2016	10
-73.957,40.671,01/02/2016	4
-73.957,40.672,01/02/2016	8
-73.957,40.673,01/02/2016	2
-73.957,40.677,01/02/2016	2
-73.957,40.682,01/02/2016	2
-73.957,40.687,01/02/2016	2
-73.957,40.688,01/01/2016	4
-73.957,40.688,01/02/2016	2
-73.957,40.69,01/02/2016	6
-73.957,40.694,01/02/2016	2
-73.957,40.71,01/02/2016	2
-73.957,40.712,01/02/2016	6
-73.957,40.714,01/01/2016	2
-73.957,40.714,01/02/2016	8
-73.957,40.716,01/02/2016	2
-73.957,40.717,01/01/2016	6
-73.957,40.717,01/02/2016	56
-73.957,40.718,01/01/2016	4
-73.957,40.718,01/02/2016	14
-73.957,40.719,01/01/2016	2
-73.957,40.719,01/02/2016	2
-73.957,40.72,01/01/2016	2
-73.957,40.721,01/01/2016	14
-73.957,40.721,01/02/2016	32
-73.957,40.722,01/01/2016	6
-73.957,40.722,01/02/2016	4
-73.957,40.724,01/01/2016	2
-73.957,40.725,01/02/2016	2
-73.957,40.726,01/02/2016	2
-73.957,40.727,01/02/2016	2
-73.957,40.728,01/02/2016	2
-73.957,40.729,01/01/2016	4
-73.957,40.729,01/02/2016	14
-73.957,40.731,01/02/2016	6
-73.957,40.734,01/02/2016	2
-73.957,40.744,01/02/2016	6
-73.957,40.745,01/02/2016	2
-73.957,40.747,01/02/2016	2
-73.957,40.748,01/02/2016	10
-73.957,40.8,01/02/2016	6
-73.957,40.801,01/02/2016	10
-73.957,40.802,01/02/2016	2
-73.957,40.805,01/01/2016	2
-73.957,40.805,01/02/2016	2
-73.957,40.811,01/01/2016	2
-73.957,40.811,01/02/2016	10
-73.957,40.814,01/02/2016	4
-73.957,40.815,01/02/2016	6
-73.957,40.816,01/02/2016	4
-73.958,40.608,01/02/2016	6
-73.958,40.646,01/02/2016	2
-73.958,40.65,01/02/2016	2
-73.958,40.667,01/02/2016	2
-73.958,40.668,01/02/2016	4
-73.958,40.67,01/01/2016	2
-73.958,40.67,01/02/2016	2
-73.958,40.677,01/02/2016	2
-73.958,40.679,01/02/2016	2
-73.958,40.683,01/02/2016	4
-73.958,40.688,01/02/2016	2
-73.958,40.691,01/02/2016	2
-73.958,40.692,01/01/2016	2
-73.958,40.694,01/02/2016	4
-73.958,40.701,01/01/2016	2
-73.958,40.701,01/02/2016	2
-73.958,40.709,01/02/2016	2
-73.958,40.712,01/02/2016	2
-73.958,40.713,01/01/2016	2
-73.958,40.713,01/02/2016	8
-73.958,40.714,01/02/2016	12
-73.958,40.715,01/01/2016	2
-73.958,40.715,01/02/2016	2
-73.958,40.716,01/01/2016	2
-73.958,40.716,01/02/2016	16
-73.958,40.717,01/02/2016	20
-73.958,40.718,01/01/2016	2
-73.958,40.718,01/02/2016	2
-73.958,40.719,01/01/2016	4
-73.958,40.719,01/02/2016	2
-73.958,40.721,01/01/2016	12
-73.958,40.721,01/02/2016	20
-73.958,40.722,01/01/2016	2
-73.958,40.729,01/01/2016	6
-73.958,40.729,01/02/2016	2
-73.958,40.733,01/01/2016	2
-73.958,40.735,01/02/2016	2
-73.958,40.743,01/02/2016	2
-73.958,40.744,01/01/2016	2
-73.958,40.8,01/02/2016	4
-73.958,40.803,01/02/2016	2
-73.958,40.809,01/02/2016	4
-73.958,40.81,01/01/2016	6
-73.958,40.81,01/02/2016	4
-73.958,40.815,01/01/2016	4
-73.958,40.815,01/02/2016	28
-73.958,40.82,01/01/2016	2
-73.959,40.653,01/02/2016	8
-73.959,40.654,01/02/2016	2
-73.959,40.655,01/02/2016	2
-73.959,40.656,01/02/2016	2
-73.959,40.676,01/02/2016	4
-73.959,40.677,01/02/2016	4
-73.959,40.68,01/02/2016	2
-73.959,40.681,01/02/2016	2
-73.959,40.686,01/02/2016	2
-73.959,40.687,01/02/2016	6
-73.959,40.688,01/02/2016	2
-73.959,40.708,01/02/2016	8
-73.959,40.713,01/02/2016	12
-73.959,40.714,01/02/2016	6
-73.959,40.715,01/02/2016	8
-73.959,40.716,01/02/2016	6
-73.959,40.717,01/02/2016	2
-73.959,40.718,01/01/2016	4
-73.959,40.719,01/02/2016	2
-73.959,40.72,01/02/2016	2
-73.959,40.733,01/02/2016	6
-73.959,40.742,01/02/2016	2
-73.959,40.801,01/01/2016	2
-73.959,40.801,01/02/2016	14
-73.959,40.808,01/02/2016	12
-73.959,40.809,01/02/2016	6
-73.959,40.813,01/02/2016	8
-73.959,40.814,01/02/2016	4
-73.959,40.817,01/02/2016	2
-73.96,40.625,01/02/2016	2
-73.96,40.653,01/02/2016	2
-73.96,40.656,01/02/2016	2
-73.96,40.658,01/02/2016	4
-73.96,40.659,01/02/2016	2
-73.96,40.66,01/02/2016	4
-73.96,40.663,01/02/2016	2
-73.96,40.672,01/02/2016	2
-73.96,40.674,01/01/2016	2
-73.96,40.677,01/02/2016	2
-73.96,40.69,01/01/2016	2
-73.96,40.69,01/02/2016	4
-73.96,40.696,01/01/2016	2
-73.96,40.709,01/02/2016	2
-73.96,40.71,01/02/2016	2
-73.96,40.712,01/02/2016	2
-73.96,40.714,01/02/2016	2
-73.96,40.715,01/01/2016	4
-73.96,40.715,01/02/2016	18
-73.96,40.716,01/01/2016	2
-73.96,40.719,01/02/2016	14
-73.96,40.801,01/02/2016	4
-73.96,40.806,01/02/2016	4
-73.96,40.807,01/02/2016	2
-73.96,40.808,01/02/2016	2
-73.96,40.816,01/02/2016	2
-73.96,40.817,01/01/2016	2
-73.96,40.817,01/02/2016	2
-73.96,40.818,01/01/2016	2
-73.961,40.607,01/02/2016	2
-73.961,40.66,01/01/2016	2
-73.961,40.668,01/02/2016	2
-73.961,40.671,01/02/2016	2
-73.961,40.673,01/02/2016	2
-73.961,40.677,01/02/2016	4
-73.961,40.682,01/02/2016	4
-73.961,40.693,01/02/2016	2
-73.961,40.694,01/02/2016	2
-73.961,40.704,01/01/2016	2
-73.961,40.709,01/01/2016	2
-73.961,40.709,01/02/2016	4
-73.961,40.711,01/02/2016	4
-73.961,40.713,01/01/2016	2
-73.961,40.713,01/02/2016	16
-73.961,40.714,01/01/2016	6
-73.961,40.714,01/02/2016	14
-73.961,40.715,01/01/2016	2
-73.961,40.715,01/02/2016	8
-73.961,40.716,01/01/2016	2
-73.961,40.716,01/02/2016	14
-73.961,40.718,01/02/2016	10
-73.961,40.719,01/02/2016	2
-73.961,40.72,01/01/2016	2
-73.961,40.72,01/02/2016	2
-73.961,40.801,01/02/2016	4
-73.961,40.802,01/02/2016	2
-73.961,40.805,01/02/2016	14
-73.961,40.806,01/02/2016	12
-73.961,40.81,01/02/2016	4
-73.961,40.811,01/01/2016	4
-73.961,40.811,01/02/2016	2
-73.962,40.634,01/02/2016	2
-73.962,40.671,01/02/2016	2
-73.962,40.672,01/01/2016	6
-73.962,40.673,01/01/2016	2
-73.962,40.673,01/02/2016	4
-73.962,40.682,01/02/2016	2
-73.962,40.683,01/01/2016	2
-73.962,40.685,01/02/2016	2
-73.962,40.693,01/02/2016	4
-73.962,40.7,01/02/2016	2
-73.962,40.709,01/01/2016	4
-73.962,40.709,01/02/2016	2
-73.962,40.71,01/02/2016	18
-73.962,40.711,01/02/2016	6
-73.962,40.712,01/01/2016	4
-73.962,40.713,01/02/2016	8
-73.962,40.716,01/01/2016	2
-73.962,40.716,01/02/2016	10
-73.962,40.717,01/01/2016	4
-73.962,40.717,01/02/2016	4
-73.962,40.718,01/02/2016	2
-73.962,40.719,01/01/2016	2
-73.962,40.719,01/02/2016	6
-73.962,40.804,01/01/2016	2
-73.962,40.804,01/02/2016	16
-73.962,40.805,01/02/2016	12
-73.963,40.671,01/02/2016	24
-73.963,40.673,01/01/2016	2
-73.963,40.673,01/02/2016	2
-73.963,40.674,01/01/2016	2
-73.963,40.674,01/02/2016	2
-73.963,40.675,01/02/2016	2
-73.963,40.676,01/01/2016	2
-73.963,40.676,01/02/2016	8
-73.963,40.677,01/01/2016	2
-73.963,40.677,01/02/2016	6
-73.963,40.678,01/01/2016	2
-73.963,40.678,01/02/2016	6
-73.963,40.68,01/02/2016	4
-73.963,40.681,01/02/2016	2
-73.963,40.682,01/01/2016	4
-73.963,40.682,01/02/2016	4
-73.963,40.683,01/02/2016	2
-73.963,40.684,01/01/2016	2
-73.963,40.687,01/02/2016	2
-73.963,40.691,01/01/2016	2
-73.963,40.693,01/02/2016	2
-73.963,40.709,01/02/2016	2
-73.963,40.71,01/01/2016	2
-73.963,40.71,01/02/2016	18
-73.963,40.711,01/02/2016	8
-73.963,40.713,01/02/2016	2
-73.963,40.716,01/02/2016	6
-73.963,40.717,01/01/2016	2
-73.963,40.718,01/02/2016	4
-73.963,40.802,01/02/2016	8
-73.963,40.803,01/02/2016	8
-73.963,40.804,01/02/2016	2
-73.963,40.807,01/02/2016	2
-73.963,40.808,01/01/2016	2
-73.963,40.808,01/02/2016	12
-73.963,40.809,01/02/2016	2
-73.964,40.671,01/02/2016	2
-73.964,40.675,01/02/2016	2
-73.964,40.679,01/02/2016	2
-73.964,40.681,01/02/2016	2
-73.964,40.682,01/01/2016	2
-73.964,40.682,01/02/2016	4
-73.964,40.683,01/01/2016	2
-73.964,40.683,01/02/2016	2
-73.964,40.685,01/02/2016	2
-73.964,40.693,01/01/2016	2
-73.964,40.693,01/02/2016	4
-73.964,40.694,01/01/2016	2
-73.964,40.694,01/02/2016	2
-73.964,40.708,01/02/2016	4
-73.964,40.709,01/02/2016	2
-73.964,40.712,01/02/2016	4
-73.964,40.713,01/02/2016	2
-73.964,40.714,01/02/2016	2
-73.964,40.715,01/02/2016	6
-73.964,40.716,01/01/2016	2
-73.964,40.716,01/02/2016	2
-73.964,40.803,01/02/2016	2
-73.964,40.806,01/01/2016	2
-73.964,40.806,01/02/2016	6
-73.964,40.807,01/01/2016	2
-73.964,40.807,01/02/2016	10
-73.965,40.672,01/02/2016	2
-73.965,40.673,01/02/2016	2
-73.965,40.674,01/02/2016	2
-73.965,40.678,01/02/2016	2
-73.965,40.679,01/02/2016	2
-73.965,40.683,01/02/2016	4
-73.965,40.684,01/02/2016	4
-73.965,40.685,01/02/2016	2
-73.965,40.686,01/02/2016	8
-73.965,40.688,01/02/2016	2
-73.965,40.689,01/02/2016	2
-73.965,40.71,01/01/2016	6
-73.965,40.71,01/02/2016	4
-73.965,40.712,01/01/2016	2
-73.965,40.712,01/02/2016	4
-73.965,40.713,01/01/2016	4
-73.965,40.713,01/02/2016	2
-73.965,40.714,01/02/2016	2
-73.965,40.803,01/02/2016	2
-73.965,40.804,01/02/2016	2
-73.965,40.805,01/02/2016	12
-73.965,40.806,01/02/2016	2
-73.966,40.632,01/01/2016	2
-73.966,40.669,01/01/2016	2
-73.966,40.673,01/01/2016	2
-73.966,40.683,01/01/2016	2
-73.966,40.683,01/02/2016	16
-73.966,40.685,01/02/2016	2
-73.966,40.688,01/02/2016	2
-73.966,40.689,01/02/2016	4
-73.966,40.693,01/02/2016	6
-73.966,40.704,01/02/2016	2
-73.966,40.705,01/02/2016	2
-73.966,40.707,01/02/2016	2
-73.966,40.71,01/02/2016	2
-73.966,40.711,01/01/2016	4
-73.966,40.712,01/01/2016	2
-73.966,40.713,01/01/2016	2
-73.966,40.714,01/02/2016	2
-73.966,40.803,01/02/2016	6
-73.966,40.804,01/01/2016	4
-73.966,40.804,01/02/2016	32
-73.966,40.805,01/02/2016	2
-73.967,40.634,01/02/2016	2
-73.967,40.635,01/02/2016	2
-73.967,40.672,01/02/2016	2
-73.967,40.673,01/02/2016	2
-73.967,40.675,01/02/2016	2
-73.967,40.679,01/02/2016	4
-73.967,40.683,01/02/2016	6
-73.967,40.684,01/02/2016	2
-73.967,40.685,01/02/2016	2
-73.967,40.687,01/02/2016	2
-73.967,40.689,01/02/2016	4
-73.967,40.693,01/02/2016	10
-73.967,40.707,01/02/2016	2
-73.967,40.71,01/01/2016	2
-73.967,40.805,01/02/2016	2
-73.968,40.639,01/02/2016	2
-73.968,40.672,01/01/2016	2
-73.968,40.673,01/01/2016	2
-73.968,40.675,01/01/2016	2
-73.968,40.679,01/02/2016	2
-73.968,40.683,01/02/2016	2
-73.968,40.692,01/02/2016	2
-73.968,40.693,01/01/2016	4
-73.968,40.693,01/02/2016	4
-73.968,40.695,01/01/2016	2
-73.968,40.707,01/02/2016	2
-73.968,40.708,01/02/2016	2
-73.969,40.672,01/02/2016	2
-73.969,40.673,01/01/2016	2
-73.969,40.673,01/02/2016	2
-73.969,40.675,01/01/2016	2
-73.969,40.68,01/02/2016	2
-73.969,40.689,01/01/2016	6
-73.969,40.689,01/02/2016	8
-73.969,40.692,01/02/2016	2
-73.969,40.693,01/02/2016	10
-73.969,40.695,01/02/2016	2
-73.969,40.696,01/02/2016	2
-73.969,40.712,01/01/2016	2
-73.97,40.672,01/01/2016	2
-73.97,40.673,01/01/2016	2
-73.97,40.674,01/01/2016	2
-73.97,40.675,01/01/2016	2
-73.97,40.675,01/02/2016	4
-73.97,40.684,01/02/2016	6
-73.97,40.687,01/02/2016	2
-73.97,40.689,01/02/2016	12
-73.97,40.691,01/02/2016	2
-73.97,40.692,01/02/2016	2
-73.97,40.693,01/02/2016	8
-73.97,40.713,01/01/2016	2
-73.971,40.647,01/02/2016	2
-73.971,40.648,01/02/2016	2
-73.971,40.672,01/01/2016	4
-73.971,40.675,01/02/2016	4
-73.971,40.676,01/01/2016	2
-73.971,40.676,01/02/2016	2
-73.971,40.677,01/02/2016	2
-73.971,40.686,01/02/2016	2
-73.971,40.687,01/02/2016	4
-73.971,40.689,01/02/2016	6
-73.971,40.69,01/02/2016	2
-73.971,40.692,01/02/2016	2
-73.971,40.693,01/02/2016	6
-73.971,40.695,01/02/2016	2
-73.971,40.697,01/02/2016	2
-73.972,40.673,01/02/2016	2
-73.972,40.674,01/01/2016	2
-73.972,40.677,01/01/2016	2
-73.972,40.677,01/02/2016	6
-73.972,40.682,01/02/2016	2
-73.972,40.685,01/02/2016	10
-73.972,40.687,01/02/2016	2
-73.972,40.689,01/02/2016	6
-73.972,40.691,01/01/2016	2
-73.972,40.692,01/02/2016	2
-73.972,40.693,01/01/2016	2
-73.972,40.693,01/02/2016	4
-73.973,40.652,01/02/2016	2
-73.973,40.655,01/01/2016	2
-73.973,40.671,01/02/2016	2
-73.973,40.674,01/02/2016	2
-73.973,40.677,01/02/2016	6
-73.973,40.678,01/01/2016	2
-73.973,40.678,01/02/2016	8
-73.973,40.68,01/02/2016	2
-73.973,40.685,01/01/2016	2
-73.973,40.685,01/02/2016	6
-73.973,40.686,01/01/2016	2
-73.973,40.686,01/02/2016	6
-73.973,40.687,01/01/2016	2
-73.973,40.687,01/02/2016	4
-73.973,40.689,01/02/2016	8
-73.973,40.693,01/02/2016	2
-73.973,40.695,01/02/2016	2
-73.974,40.67,01/02/2016	2
-73.974,40.671,01/01/2016	2
-73.974,40.675,01/02/2016	4
-73.974,40.679,01/02/2016	4
-73.974,40.68,01/02/2016	2
-73.974,40.683,01/02/2016	2
-73.974,40.686,01/01/2016	2
-73.974,40.686,01/02/2016	20
-73.974,40.687,01/01/2016	4
-73.974,40.687,01/02/2016	2
-73.974,40.688,01/02/2016	2
-73.974,40.689,01/01/2016	2
-73.974,40.689,01/02/2016	2
-73.975,40.674,01/01/2016	2
-73.975,40.674,01/02/2016	8
-73.975,40.677,01/02/2016	2
-73.975,40.68,01/02/2016	4
-73.975,40.681,01/02/2016	2
-73.975,40.683,01/01/2016	4
-73.975,40.683,01/02/2016	18
-73.975,40.685,01/02/2016	2
-73.975,40.686,01/01/2016	2
-73.975,40.686,01/02/2016	8
-73.975,40.687,01/01/2016	4
-73.975,40.687,01/02/2016	6
-73.975,40.693,01/02/2016	4
-73.976,40.647,01/02/2016	2
-73.976,40.655,01/01/2016	2
-73.976,40.672,01/02/2016	4
-73.976,40.673,01/02/2016	8
-73.976,40.674,01/02/2016	2
-73.976,40.677,01/02/2016	4
-73.976,40.68,01/02/2016	2
-73.976,40.681,01/01/2016	2
-73.976,40.681,01/02/2016	8
-73.976,40.682,01/01/2016	8
-73.976,40.682,01/02/2016	4
-73.976,40.683,01/01/2016	4
-73.976,40.683,01/02/2016	44
-73.976,40.684,01/02/2016	18
-73.976,40.685,01/02/2016	8
-73.976,40.686,01/02/2016	10
-73.976,40.687,01/02/2016	6
-73.976,40.689,01/02/2016	2
-73.977,40.668,01/02/2016	2
-73.977,40.67,01/01/2016	2
-73.977,40.672,01/01/2016	2
-73.977,40.673,01/01/2016	2
-73.977,40.675,01/02/2016	2
-73.977,40.68,01/02/2016	4
-73.977,40.681,01/02/2016	2
-73.977,40.683,01/01/2016	4
-73.977,40.683,01/02/2016	2
-73.977,40.684,01/01/2016	4
-73.977,40.684,01/02/2016	94
-73.977,40.685,01/02/2016	6
-73.977,40.686,01/02/2016	18
-73.977,40.687,01/01/2016	2
-73.977,40.687,01/02/2016	26
-73.977,40.689,01/01/2016	2
-73.977,40.689,01/02/2016	2
-73.977,40.693,01/01/2016	2
-73.977,40.693,01/02/2016	8
-73.978,40.659,01/02/2016	2
-73.978,40.661,01/02/2016	2
-73.978,40.663,01/02/2016	2
-73.978,40.665,01/02/2016	2
-73.978,40.666,01/01/2016	2
-73.978,40.669,01/02/2016	2
-73.978,40.67,01/01/2016	2
-73.978,40.67,01/02/2016	8
-73.978,40.675,01/01/2016	4
-73.978,40.676,01/02/2016	2
-73.978,40.678,01/02/2016	2
-73.978,40.679,01/02/2016	16
-73.978,40.68,01/01/2016	2
-73.978,40.68,01/02/2016	2
-73.978,40.683,01/01/2016	2
-73.978,40.683,01/02/2016	24
-73.978,40.684,01/01/2016	2
-73.978,40.684,01/02/2016	20
-73.978,40.685,01/02/2016	8
-73.978,40.686,01/02/2016	8
-73.978,40.688,01/02/2016	2
-73.978,40.689,01/01/2016	2
-73.978,40.689,01/02/2016	2
-73.978,40.693,01/02/2016	4
-73.978,40.696,01/02/2016	2
-73.979,40.642,01/02/2016	2
-73.979,40.643,01/02/2016	2
-73.979,40.66,01/01/2016	2
-73.979,40.66,01/02/2016	8
-73.979,40.661,01/01/2016	2
-73.979,40.668,01/02/2016	2
-73.979,40.669,01/02/2016	2
-73.979,40.676,01/02/2016	2
-73.979,40.677,01/02/2016	14
-73.979,40.678,01/01/2016	2
-73.979,40.678,01/02/2016	6
-73.979,40.681,01/02/2016	2
-73.979,40.682,01/01/2016	2
-73.979,40.682,01/02/2016	6
-73.979,40.683,01/02/2016	2
-73.979,40.684,01/01/2016	2
-73.979,40.684,01/02/2016	2
-73.979,40.686,01/02/2016	8
-73.979,40.687,01/02/2016	4
-73.979,40.688,01/02/2016	6
-73.979,40.689,01/02/2016	2
-73.979,40.692,01/02/2016	4
-73.979,40.693,01/01/2016	2
-73.979,40.693,01/02/2016	2
-73.98,40.66,01/02/2016	6
-73.98,40.661,01/01/2016	2
-73.98,40.667,01/02/2016	2
-73.98,40.668,01/02/2016	16
-73.98,40.669,01/02/2016	2
-73.98,40.675,01/02/2016	2
-73.98,40.676,01/01/2016	8
-73.98,40.676,01/02/2016	14
-73.98,40.678,01/01/2016	2
-73.98,40.679,01/02/2016	2
-73.98,40.68,01/02/2016	2
-73.98,40.684,01/01/2016	2
-73.98,40.685,01/02/2016	4
-73.98,40.686,01/02/2016	2
-73.98,40.688,01/01/2016	2
-73.98,40.688,01/02/2016	36
-73.98,40.689,01/02/2016	4
-73.98,40.693,01/02/2016	2
-73.98,40.695,01/02/2016	2
-73.98,40.696,01/02/2016	2
-73.981,40.575,01/01/2016	2
-73.981,40.576,01/02/2016	4
-73.981,40.653,01/01/2016	2
-73.981,40.661,01/02/2016	2
-73.981,40.663,01/02/2016	2
-73.981,40.666,01/02/2016	8
-73.981,40.667,01/01/2016	2
-73.981,40.667,01/02/2016	10
-73.981,40.674,01/02/2016	6
-73.981,40.675,01/02/2016	8
-73.981,40.676,01/01/2016	2
-73.981,40.677,01/02/2016	2
-73.981,40.678,01/02/2016	2
-73.981,40.679,01/01/2016	2
-73.981,40.679,01/02/2016	8
-73.981,40.68,01/02/2016	6
-73.981,40.684,01/02/2016	2
-73.981,40.685,01/02/2016	2
-73.981,40.689,01/01/2016	2
-73.981,40.689,01/02/2016	20
-73.981,40.69,01/02/2016	14
-73.981,40.693,01/02/2016	2
-73.982,40.661,01/02/2016	2
-73.982,40.664,01/02/2016	2
-73.982,40.665,01/01/2016	2
-73.982,40.665,01/02/2016	4
-73.982,40.666,01/01/2016	2
-73.982,40.666,01/02/2016	4
-73.982,40.673,01/02/2016	4
-73.982,40.674,01/02/2016	10
-73.982,40.675,01/01/2016	2
-73.982,40.677,01/02/2016	4
-73.982,40.679,01/01/2016	2
-73.982,40.679,01/02/2016	2
-73.982,40.683,01/02/2016	2
-73.982,40.686,01/02/2016	4
-73.982,40.688,01/02/2016	6
-73.982,40.689,01/02/2016	2
-73.982,40.691,01/02/2016	2
-73.982,40.692,01/02/2016	4
-73.982,40.693,01/02/2016	2
-73.982,40.694,01/01/2016	2
-73.982,40.701,01/02/2016	4
-73.982,40.702,01/02/2016	2
-73.983,40.576,01/01/2016	2
-73.983,40.66,01/02/2016	2
-73.983,40.664,01/01/2016	2
-73.983,40.664,01/02/2016	10
-73.983,40.667,01/02/2016	4
-73.983,40.671,01/02/2016	2
-73.983,40.672,01/01/2016	2
-73.983,40.672,01/02/2016	14
-73.983,40.673,01/02/2016	4
-73.983,40.676,01/02/2016	8
-73.983,40.677,01/01/2016	2
-73.983,40.677,01/02/2016	16
-73.983,40.688,01/02/2016	6
-73.983,40.689,01/02/2016	6
-73.983,40.69,01/02/2016	2
-73.983,40.691,01/02/2016	2
-73.983,40.693,01/02/2016	6
-73.983,40.694,01/02/2016	2
-73.983,40.695,01/02/2016	2
-73.983,40.696,01/02/2016	6
-73.983,40.699,01/02/2016	2
-73.984,40.662,01/01/2016	2
-73.984,40.663,01/02/2016	8
-73.984,40.668,01/02/2016	2
-73.984,40.671,01/01/2016	4
-73.984,40.671,01/02/2016	4
-73.984,40.679,01/01/2016	2
-73.984,40.684,01/02/2016	2
-73.984,40.687,01/01/2016	2
-73.984,40.688,01/02/2016	2
-73.984,40.689,01/01/2016	2
-73.984,40.689,01/02/2016	6
-73.984,40.69,01/02/2016	2
-73.984,40.691,01/02/2016	2
-73.984,40.696,01/02/2016	4
-73.984,40.703,01/02/2016	2
-73.985,40.597,01/02/2016	2
-73.985,40.66,01/02/2016	2
-73.985,40.661,01/02/2016	2
-73.985,40.662,01/02/2016	2
-73.985,40.668,01/01/2016	2
-73.985,40.669,01/02/2016	2
-73.985,40.67,01/02/2016	4
-73.985,40.671,01/01/2016	2
-73.985,40.673,01/02/2016	6
-73.985,40.674,01/02/2016	2
-73.985,40.678,01/02/2016	8
-73.985,40.686,01/02/2016	2
-73.985,40.687,01/01/2016	2
-73.985,40.688,01/02/2016	4
-73.985,40.689,01/02/2016	8
-73.985,40.69,01/02/2016	4
-73.985,40.691,01/01/2016	2
-73.985,40.696,01/02/2016	2
-73.985,40.702,01/02/2016	2
-73.986,40.66,01/01/2016	2
-73.986,40.665,01/02/2016	2
-73.986,40.666,01/02/2016	2
-73.986,40.669,01/01/2016	2
-73.986,40.669,01/02/2016	8
-73.986,40.672,01/02/2016	2
-73.986,40.673,01/02/2016	2
-73.986,40.676,01/02/2016	2
-73.986,40.677,01/01/2016	4
-73.986,40.687,01/02/2016	8
-73.986,40.689,01/02/2016	12
-73.986,40.691,01/01/2016	2
-73.986,40.691,01/02/2016	8
-73.986,40.692,01/02/2016	4
-73.986,40.693,01/02/2016	2
-73.986,40.694,01/02/2016	2
-73.986,40.696,01/01/2016	2
-73.986,40.701,01/01/2016	2
-73.986,40.701,01/02/2016	4
-73.986,40.702,01/02/2016	36
-73.986,40.703,01/01/2016	2
-73.986,40.703,01/02/2016	6
-73.986,40.704,01/02/2016	4
-73.987,40.667,01/02/2016	12
-73.987,40.668,01/02/2016	4
-73.987,40.669,01/02/2016	2
-73.987,40.671,01/02/2016	10
-73.987,40.679,01/01/2016	4
-73.987,40.684,01/01/2016	2
-73.987,40.687,01/02/2016	2
-73.987,40.688,01/02/2016	2
-73.987,40.69,01/01/2016	6
-73.987,40.69,01/02/2016	8
-73.987,40.691,01/02/2016	44
-73.987,40.692,01/02/2016	26
-73.987,40.693,01/02/2016	14
-73.987,40.695,01/01/2016	2
-73.987,40.695,01/02/2016	2
-73.987,40.696,01/02/2016	10
-73.987,40.701,01/02/2016	2
-73.987,40.702,01/02/2016	2
-73.988,40.621,01/02/2016	2
-73.988,40.659,01/02/2016	2
-73.988,40.666,01/02/2016	4
-73.988,40.667,01/02/2016	2
-73.988,40.67,01/02/2016	4
-73.988,40.688,01/02/2016	6
-73.988,40.69,01/01/2016	2
-73.988,40.691,01/02/2016	6
-73.988,40.692,01/02/2016	4
-73.988,40.693,01/02/2016	6
-73.988,40.694,01/02/2016	2
-73.988,40.695,01/02/2016	4
-73.988,40.696,01/01/2016	4
-73.988,40.696,01/02/2016	6
-73.988,40.702,01/02/2016	4
-73.989,40.665,01/01/2016	2
-73.989,40.665,01/02/2016	6
-73.989,40.668,01/01/2016	2
-73.989,40.668,01/02/2016	2
-73.989,40.669,01/01/2016	2
-73.989,40.669,01/02/2016	2
-73.989,40.673,01/01/2016	2
-73.989,40.683,01/02/2016	2
-73.989,40.687,01/02/2016	6
-73.989,40.688,01/01/2016	2
-73.989,40.688,01/02/2016	16
-73.989,40.691,01/02/2016	2
-73.989,40.692,01/02/2016	2
-73.989,40.693,01/02/2016	6
-73.989,40.694,01/02/2016	2
-73.989,40.696,01/02/2016	2
-73.989,40.7,01/01/2016	2
-73.989,40.701,01/01/2016	2
-73.989,40.702,01/01/2016	2
-73.989,40.702,01/02/2016	22
-73.989,40.703,01/02/2016	4
-73.99,40.66,01/02/2016	2
-73.99,40.664,01/01/2016	2
-73.99,40.668,01/02/2016	4
-73.99,40.672,01/02/2016	2
-73.99,40.678,01/02/2016	2
-73.99,40.679,01/01/2016	2
-73.99,40.685,01/02/2016	6
-73.99,40.686,01/01/2016	2
-73.99,40.686,01/02/2016	12
-73.99,40.688,01/02/2016	2
-73.99,40.689,01/02/2016	2
-73.99,40.69,01/01/2016	2
-73.99,40.691,01/02/2016	2
-73.99,40.692,01/02/2016	14
-73.99,40.693,01/01/2016	2
-73.99,40.693,01/02/2016	32
-73.99,40.694,01/02/2016	6
-73.99,40.695,01/02/2016	4
-73.99,40.699,01/01/2016	6
-73.99,40.7,01/02/2016	2
-73.99,40.702,01/02/2016	8
-73.99,40.703,01/01/2016	2
-73.99,40.703,01/02/2016	4
-73.991,40.662,01/02/2016	2
-73.991,40.666,01/02/2016	2
-73.991,40.667,01/01/2016	2
-73.991,40.667,01/02/2016	2
-73.991,40.67,01/01/2016	2
-73.991,40.671,01/02/2016	2
-73.991,40.679,01/02/2016	2
-73.991,40.68,01/02/2016	2
-73.991,40.684,01/02/2016	4
-73.991,40.685,01/02/2016	12
-73.991,40.687,01/02/2016	2
-73.991,40.689,01/02/2016	4
-73.991,40.69,01/01/2016	2
-73.991,40.69,01/02/2016	20
-73.991,40.691,01/01/2016	2
-73.991,40.691,01/02/2016	16
-73.991,40.692,01/02/2016	4
-73.991,40.695,01/02/2016	2
-73.991,40.696,01/01/2016	4
-73.991,40.696,01/02/2016	4
-73.991,40.699,01/02/2016	20
-73.991,40.701,01/01/2016	4
-73.991,40.702,01/01/2016	2
-73.991,40.703,01/02/2016	2
-73.992,40.661,01/02/2016	2
-73.992,40.662,01/01/2016	2
-73.992,40.664,01/02/2016	2
-73.992,40.682,01/02/2016	2
-73.992,40.683,01/01/2016	2
-73.992,40.683,01/02/2016	8
-73.992,40.684,01/02/2016	4
-73.992,40.686,01/02/2016	2
-73.992,40.688,01/02/2016	8
-73.992,40.689,01/02/2016	62
-73.992,40.69,01/01/2016	2
-73.992,40.69,01/02/2016	16
-73.992,40.692,01/02/2016	2
-73.992,40.693,01/02/2016	8
-73.992,40.694,01/02/2016	6
-73.992,40.697,01/02/2016	18
-73.992,40.698,01/02/2016	6
-73.992,40.699,01/02/2016	6
-73.992,40.701,01/02/2016	2
-73.992,40.702,01/01/2016	6
-73.992,40.702,01/02/2016	6
-73.993,40.601,01/02/2016	2
-73.993,40.661,01/02/2016	4
-73.993,40.664,01/02/2016	4
-73.993,40.665,01/02/2016	2
-73.993,40.672,01/02/2016	4
-73.993,40.681,01/01/2016	8
-73.993,40.681,01/02/2016	2
-73.993,40.682,01/01/2016	8
-73.993,40.682,01/02/2016	4
-73.993,40.686,01/02/2016	6
-73.993,40.687,01/02/2016	4
-73.993,40.688,01/02/2016	2
-73.993,40.689,01/02/2016	2
-73.993,40.69,01/01/2016	2
-73.993,40.69,01/02/2016	2
-73.993,40.691,01/02/2016	4
-73.993,40.692,01/01/2016	2
-73.993,40.692,01/02/2016	10
-73.993,40.695,01/02/2016	4
-73.993,40.696,01/02/2016	2
-73.993,40.697,01/01/2016	2
-73.993,40.697,01/02/2016	10
-73.993,40.699,01/02/2016	2
-73.993,40.7,01/02/2016	2
-73.993,40.702,01/01/2016	2
-73.993,40.702,01/02/2016	14
-73.993,40.703,01/02/2016	2
-73.994,40.622,01/02/2016	2
-73.994,40.66,01/02/2016	2
-73.994,40.661,01/01/2016	2
-73.994,40.667,01/01/2016	2
-73.994,40.667,01/02/2016	2
-73.994,40.68,01/02/2016	8
-73.994,40.681,01/02/2016	4
-73.994,40.684,01/02/2016	12
-73.994,40.685,01/02/2016	10
-73.994,40.686,01/02/2016	4
-73.994,40.689,01/02/2016	4
-73.994,40.69,01/02/2016	2
-73.994,40.691,01/02/2016	2
-73.994,40.694,01/02/2016	20
-73.994,40.695,01/01/2016	2
-73.994,40.697,01/02/2016	4
-73.994,40.7,01/02/2016	2
-73.994,40.702,01/01/2016	6
-73.994,40.702,01/02/2016	6
-73.994,40.703,01/01/2016	4
-73.994,40.703,01/02/2016	24
-73.995,40.678,01/02/2016	4
-73.995,40.682,01/01/2016	2
-73.995,40.682,01/02/2016	4
-73.995,40.683,01/02/2016	8
-73.995,40.684,01/02/2016	2
-73.995,40.686,01/02/2016	2
-73.995,40.688,01/02/2016	6
-73.995,40.69,01/01/2016	4
-73.995,40.69,01/02/2016	4
-73.995,40.691,01/02/2016	4
-73.995,40.695,01/02/2016	2
-73.996,40.676,01/02/2016	4
-73.996,40.679,01/02/2016	2
-73.996,40.682,01/02/2016	2
-73.996,40.684,01/01/2016	2
-73.996,40.685,01/02/2016	2
-73.996,40.686,01/02/2016	10
-73.996,40.689,01/02/2016	2
-73.996,40.69,01/01/2016	2
-73.996,40.69,01/02/2016	16
-73.996,40.693,01/02/2016	2
-73.996,40.694,01/01/2016	2
-73.996,40.694,01/02/2016	2
-73.997,40.64,01/02/2016	2
-73.997,40.661,01/01/2016	2
-73.997,40.674,01/02/2016	2
-73.997,40.677,01/02/2016	2
-73.997,40.679,01/02/2016	4
-73.997,40.68,01/02/2016	2
-73.997,40.682,01/02/2016	2
-73.997,40.683,01/02/2016	6
-73.997,40.684,01/02/2016	6
-73.997,40.691,01/01/2016	2
-73.997,40.691,01/02/2016	2
-73.998,40.675,01/02/2016	2
-73.998,40.676,01/02/2016	2
-73.998,40.677,01/01/2016	4
-73.998,40.677,01/02/2016	4
-73.998,40.679,01/02/2016	2
-73.998,40.68,01/02/2016	2
-73.998,40.681,01/02/2016	2
-73.998,40.682,01/02/2016	2
-73.998,40.688,01/01/2016	2
-73.998,40.691,01/01/2016	2
-73.998,40.691,01/02/2016	2
-73.998,40.693,01/02/2016	2
-73.999,40.673,01/02/2016	2
-73.999,40.674,01/02/2016	2
-73.999,40.675,01/01/2016	2
-73.999,40.675,01/02/2016	10
-73.999,40.679,01/02/2016	2
-73.999,40.683,01/02/2016	8
-73.999,40.693,01/01/2016	2
-73.999,40.693,01/02/2016	6
-74.0,40.674,01/02/2016	2
-74.0,40.675,01/02/2016	2
-74.0,40.676,01/01/2016	2
-74.0,40.676,01/02/2016	2
-74.0,40.677,01/02/2016	6
-74.0,40.681,01/02/2016	4
-74.0,40.683,01/02/2016	4
-74.0,40.686,01/02/2016	2
-74.001,40.622,01/01/2016	2
-74.001,40.657,01/01/2016	2
-74.001,40.677,01/02/2016	2
-74.001,40.686,01/02/2016	2
-74.002,40.673,01/02/2016	2
-74.002,40.685,01/02/2016	2
-74.003,40.577,01/02/2016	2
-74.003,40.578,01/02/2016	2
-74.003,40.651,01/02/2016	2
-74.003,40.655,01/01/2016	2
-74.003,40.671,01/02/2016	2
-74.003,40.672,01/02/2016	2
-74.004,40.654,01/02/2016	8
-74.005,40.653,01/02/2016	2
-74.005,40.674,01/02/2016	2
-74.005,40.683,01/02/2016	2
-74.006,40.648,01/02/2016	2
-74.008,40.655,01/02/2016	8
-74.008,40.68,01/02/2016	2
-74.009,40.671,01/02/2016	2
-74.009,40.68,01/01/2016	2
-74.009,40.68,01/02/2016	2
-74.01,40.648,01/02/2016	2
-74.01,40.672,01/02/2016	16
-74.01,40.679,01/02/2016	4
-74.011,40.678,01/02/2016	2
-74.011,40.679,01/01/2016	2
-74.012,40.675,01/02/2016	2
-74.013,40.677,01/02/2016	2
-74.014,40.676,01/02/2016	2
-74.015,40.674,01/02/2016	4
-74.016,40.675,01/01/2016	2
-74.022,40.637,01/02/2016	2
-74.023,40.634,01/01/2016	2
-74.025,40.63,01/01/2016	2
-74.028,40.622,01/02/2016	2
0.0,0.0,01/02/2016	26
